0.350719     0.876651     0.0182562
0.449625     0.861638     0.0108053
0.549137     0.879585     0.00756976
0.69521     0.873828     0.00402374
0.894402     0.862719     0.00311961
1.1157     0.849618     0.00251296
1.36396     0.834411     0.00242212
1.68299     0.82748     0.00225821
2.19518     0.835725     0.00358512
2.71446     0.878045     0.00626533
3.21635     0.939189     0.0102084
3.71923     0.977045     0.0155824
4.39612     0.996552     0.0209797
5.41761     1.00199     0.0466251
6.43535     0.997513     0.106419
7.44504     1.00967     0.188015
