0.35051     0.739797     0.0317754
0.449425     0.803603     0.0177802
0.548952     0.844231     0.0124562
0.694588     0.825326     0.00635892
0.893906     0.82538     0.00504108
1.11509     0.81654     0.00412579
1.36341     0.819816     0.00426394
1.68326     0.829164     0.00426217
2.19504     0.882849     0.00931295
2.71611     0.954688     0.01534
3.21877     0.991536     0.0229499
3.72162     1.00105     0.0335309
4.40459     0.997087     0.0449015
5.42279     0.996934     0.0989612
6.43561     0.996819     0.190755
7.44238     1.01773     0.327034
