0.350408     0.0825757     0.181712
0.44956     0.640477     0.116417
0.549119     0.828312     0.0811597
0.695384     1.02038     0.0432349
0.895092     1.18178     0.0295774
1.11571     1.2465     0.0219771
1.36397     1.25323     0.0205438
1.67904     1.31366     0.0182921
2.20028     1.34298     0.0265589
2.71222     1.30957     0.0363967
3.2129     1.31431     0.0601679
3.71535     1.2754     0.104146
4.38235     1.15635     0.128736
5.41059     1.05384     0.27345
6.43231     1.01972     0.885738
7.44663     0.759555     3.19768
