0.350636     0.982427     0.0310888
0.449644     0.945775     0.0197665
0.54917     0.96076     0.0139285
0.695371     0.96774     0.00758564
0.894639     0.973369     0.00563322
1.11582     0.960793     0.00438387
1.36409     0.944895     0.00409498
1.68067     0.935729     0.00372467
2.19784     0.936577     0.00537917
2.71313     0.926798     0.00763241
3.21423     0.959954     0.012962
3.71678     0.981739     0.0207774
4.38766     1.02245     0.028378
5.41258     1.0099     0.0636036
6.43306     1.01677     0.182917
7.44671     1.00314     0.262325
