0.350693     0.92009     0.0226519
0.449657     0.894695     0.0140242
0.549176     0.911934     0.00994981
0.695367     0.913214     0.00540496
0.894573     0.903957     0.00406879
1.11583     0.89379     0.00320609
1.3641     0.878786     0.00301849
1.68151     0.876286     0.00276866
2.19687     0.869544     0.00404327
2.71347     0.883802     0.00597631
3.21476     0.919306     0.010253
3.71744     0.968829     0.0164362
4.38969     0.99784     0.0219341
5.41401     0.995109     0.052178
6.43332     0.997414     0.108264
7.44579     1.00556     0.238538
