0.350728     0.882977     0.0180014
0.449649     0.905096     0.0108639
0.54916     0.895041     0.00759286
0.695286     0.883746     0.00408248
0.894478     0.866793     0.00313344
1.11577     0.856946     0.00251057
1.36403     0.841949     0.00239593
1.68268     0.835186     0.00222029
2.1955     0.837463     0.0033911
2.71418     0.874435     0.00567592
3.21581     0.920388     0.00931853
3.7185     0.974644     0.0148866
4.39407     0.996913     0.0193921
5.41676     1.00655     0.0473379
6.43445     0.997892     0.0980369
7.44592     0.9788     0.179786
