0.350722     0.870824     0.0192082
0.449658     0.880098     0.0117121
0.54917     0.87746     0.00826013
0.695339     0.891673     0.00445972
0.894529     0.881791     0.00339672
1.11582     0.866626     0.00270345
1.36408     0.851433     0.00256621
1.68218     0.844429     0.00236435
2.19604     0.841027     0.00350793
2.7138     0.867143     0.0055213
3.21522     0.909573     0.00934999
3.71796     0.961085     0.0149723
4.39178     0.986013     0.0197658
5.41527     1.00571     0.0477961
6.43401     0.998034     0.117401
7.44591     1.00718     0.195515
