0.350547     0.974698     0.0544328
0.449614     0.96488     0.0347454
0.549151     1.01178     0.0246716
0.695368     1.06787     0.0133966
0.894771     1.08316     0.00964156
1.11579     1.09404     0.00738377
1.36405     1.0937     0.0068644
1.67978     1.1003     0.00620415
2.19906     1.07641     0.00887374
2.71267     1.06914     0.0123294
3.21358     1.04777     0.0202559
3.71612     1.03908     0.0317253
4.38521     1.08643     0.0433126
5.41193     1.03055     0.0979192
6.43287     1.08604     0.216615
7.44529     0.956783     0.400871
