0.350625     0.844859     0.0173385
0.449533     0.848919     0.00996566
0.54905     0.849625     0.00697368
0.694915     0.855042     0.00362669
0.894169     0.844468     0.00284416
1.11541     0.832409     0.00231059
1.36369     0.826131     0.00229818
1.68329     0.828142     0.00221553
2.19489     0.861229     0.00421325
2.71531     0.925843     0.00737866
3.21772     0.964499     0.0110167
3.72052     0.992955     0.0167883
4.40127     1.00252     0.0221092
5.42071     1.00618     0.0497913
6.43594     1.01332     0.0987299
7.4461     1.00572     0.199556
