0.350692     0.875101     0.0195953
0.449596     0.857623     0.0114652
0.549107     0.869848     0.00802869
0.695109     0.868191     0.00424516
0.894324     0.86094     0.00330802
1.1156     0.839247     0.00267178
1.36386     0.833114     0.00260713
1.68317     0.828155     0.00245595
2.19499     0.853803     0.00412552
2.71479     0.89474     0.00746484
3.21693     0.955174     0.011824
3.71972     0.98051     0.0178874
4.39772     1.00269     0.0234036
5.41913     1.00364     0.0539747
6.43412     1.00132     0.120163
7.44634     1     0.194007
