0.350547     -1.19513     -0.237587
0.449614     -0.170583     -0.140669
0.549151     0.512946     0.0937513
0.695368     1.07012     0.0459633
0.894771     1.3715     0.0293893
1.11579     1.48824     0.0200374
1.36405     1.59028     0.0171419
1.67978     1.66991     0.0141144
2.19906     1.69075     0.0186533
2.71267     1.59753     0.0235184
3.21358     1.52072     0.0375143
3.71612     1.26648     0.0474497
4.38521     1.21164     0.0577751
5.41193     1.08033     0.11012
6.43287     0.992238     0.26805
7.44529     1.02934     0.833186
