0.350408     -4.62223     -0.518493
0.44956     -3.23649     -0.32524
0.549119     -1.32803     -0.213439
0.695384     -0.0388186     -0.102937
0.895092     0.794078     0.0636188
1.11571     1.17065     0.0422839
1.36397     1.27635     0.0355999
1.67904     1.4981     0.0287405
2.20028     1.63358     0.0374293
2.71222     1.60201     0.0486535
3.2129     1.51996     0.0766175
3.71535     1.37588     0.121199
4.38235     1.23847     0.118735
5.41059     1.06939     0.255348
6.43231     0.977364     0.311706
7.44663     1.42192     4.87399
