0.350722     0.219077     0.141488
0.449658     0.794237     0.0791555
0.54917     1.1433     0.0511441
0.695339     1.36452     0.0246696
0.894529     1.49094     0.0165977
1.11582     1.55369     0.0118329
1.36408     1.55181     0.0103851
1.68218     1.59394     0.00882813
2.19604     1.585     0.0124603
2.7138     1.49     0.018299
3.21522     1.31084     0.0250921
3.71796     1.15539     0.0316928
4.39178     1.13265     0.0393281
5.41527     1.06301     0.0839624
6.43401     1.05052     0.249353
7.44591     0.976575     0.709667
