0.35051     -1.18909     -0.562816
0.449425     -1.11546     -0.330834
0.548952     0.0304509     0.197395
0.694588     0.782792     0.092809
0.893906     0.954418     0.0655476
1.11509     1.17978     0.0493862
1.36341     1.25452     0.0477736
1.68326     1.37424     0.0459284
2.19504     1.28871     0.0943035
2.71611     1.17394     0.124825
3.21877     1.0824     0.166007
3.72162     1.11204     0.290804
4.40459     1.08532     0.379845
5.42279     1.13693     1.99587
6.43561     1.01967     1.18984
7.44238     0.963626     0.972656
