0.350693     -0.101283     -0.14746
0.449657     0.582634     0.0828063
0.549176     1.04003     0.0538579
0.695367     1.31264     0.0264969
0.894573     1.48383     0.0176509
1.11583     1.55948     0.0124532
1.3641     1.58221     0.0108076
1.68151     1.60999     0.00908839
2.19687     1.59293     0.0125453
2.71347     1.52991     0.0174859
3.21476     1.35228     0.0254412
3.71744     1.16482     0.0322035
4.38969     1.14314     0.0386752
5.41401     1.04997     0.0794491
6.43332     1.03951     0.190104
7.44579     1.09012     0.525159
