0.350728     0.0514992     0.152345
0.449649     0.806525     0.0806435
0.54916     1.09727     0.0522315
0.695286     1.37513     0.0250249
0.894478     1.48509     0.0170092
1.11577     1.51619     0.0121848
1.36403     1.52169     0.0108244
1.68268     1.56796     0.00926437
2.1955     1.53638     0.0134417
2.71418     1.43946     0.0206663
3.21581     1.24109     0.0265613
3.7185     1.12415     0.0334882
4.39407     1.12123     0.0442471
5.41676     1.04898     0.0963976
6.43445     1.02356     0.219593
7.44592     0.973804     0.880241
