0.350692     -0.232439     -0.198424
0.449596     0.779316     0.108047
0.549107     1.12709     0.0692006
0.695109     1.40483     0.032897
0.894324     1.45649     0.0224915
1.1156     1.46575     0.0162315
1.36386     1.50089     0.0148563
1.68317     1.5235     0.0130063
2.19499     1.51421     0.0209563
2.71479     1.33016     0.031766
3.21693     1.18707     0.0397115
3.71972     1.11462     0.0500469
4.39772     1.07332     0.0643942
5.41913     1.03519     0.169455
6.43412     1.02852     0.246456
7.44634     0.982459     0.420515
