0.350625     -0.681736     -0.24568
0.449533     0.459099     0.123361
0.54905     0.853364     0.0748597
0.694915     1.22229     0.0352947
0.894169     1.32447     0.0243501
1.11541     1.36001     0.0179996
1.36369     1.39662     0.0166221
1.68329     1.43946     0.014951
2.19489     1.42221     0.0267268
2.71531     1.21613     0.0392462
3.21772     1.11688     0.0450488
3.72052     1.06616     0.056998
4.40127     1.04723     0.0720403
5.42071     1.00621     0.226333
6.43594     0.973123     0.332906
7.4461     0.940041     0.602679
