0.350636     0.0909813     0.169858
0.449644     0.300347     0.100143
0.54917     0.937837     0.0648442
0.695371     1.31609     0.0320767
0.894639     1.48561     0.0211471
1.11582     1.58332     0.0147318
1.36409     1.61679     0.0126831
1.68067     1.64997     0.0105158
2.19784     1.65643     0.0142802
2.71313     1.57299     0.0188824
3.21423     1.42352     0.028969
3.71678     1.20847     0.0360505
4.38766     1.1797     0.0430186
5.41258     1.05791     0.0930705
6.43306     1.03305     0.22465
7.44671     0.982983     0.571309
