0.350719     0.139436     0.180342
0.449625     0.869562     0.0897748
0.549137     1.10691     0.0580114
0.69521     1.33788     0.0276854
0.894402     1.47111     0.0188314
1.1157     1.52461     0.0135841
1.36396     1.50989     0.0122514
1.68299     1.54578     0.0105563
2.19518     1.51296     0.0159196
2.71446     1.38528     0.0248546
3.21635     1.20743     0.0316519
3.71923     1.10768     0.0399927
4.39612     1.0738     0.0485517
5.41761     1.02102     0.099465
6.43535     1.00867     0.261858
7.44504     0.99722     0.704143
