0.350547     -0.369394     -0.695996
0.449614     0.0680252     0.368314
0.549151     0.589836     0.219907
0.695368     0.699765     0.100259
0.894771     0.680922     0.0548021
1.11579     0.677946     0.0336071
1.36405     0.668952     0.0259713
1.67978     0.690928     0.0189867
2.19906     0.672129     0.0229971
2.71267     0.663278     0.0283198
3.21358     0.718001     0.0462973
3.71612     0.789109     0.0750345
4.38521     0.889236     0.116865
5.41193     1.02986     0.22601
6.43287     0.952375     0.423666
7.44529     1.02595     1.3368
