0.350728     -1.63058     -0.893998
0.449649     -0.245943     -0.370935
0.54916     0.214135     0.207893
0.695286     0.245574     0.0930339
0.894478     0.493923     0.0547451
1.11577     0.407893     0.0355375
1.36403     0.479247     0.0285428
1.68268     0.540255     0.0225146
2.1955     0.524255     0.0302957
2.71418     0.547592     0.0488906
3.21581     0.755449     0.0869984
3.7185     0.918464     0.114926
4.39407     0.866217     0.243137
5.41676     0.97177     0.736651
6.43445     1.38429     9.39229
7.44592     1.0775     7.67736
