0.350547     3.20894     2.70161
0.449614     2.88736     1.24425
0.549151     1.15537     0.74257
0.695368     0.877798     0.328112
0.894771     1.15612     0.17775
1.11579     1.09861     0.108958
1.36405     0.896024     0.0829447
1.67978     0.977772     0.0615285
2.19906     0.991047     0.0739916
2.71267     0.909762     0.0921352
3.21358     0.898003     0.134516
3.71612     0.917365     0.231701
4.38521     0.783097     0.238601
5.41193     0.872839     1.9065
6.43287     1.4088     5.60799
7.44529     0.842551     10.1169
