0.350719     -3.21298     -1.10628
0.449625     -2.03853     -0.515281
0.549137     -0.496655     -0.242502
0.69521     -0.0882386     -0.109063
0.894402     0.310796     0.0649332
1.1157     0.401264     0.0421864
1.36396     0.461085     0.0350478
1.68299     0.452578     0.0274856
2.19518     0.485537     0.0403848
2.71446     0.606965     0.0702266
3.21635     0.79619     0.138387
3.71923     0.827513     0.195711
4.39612     0.857558     0.315924
5.41761     0.961387     0.990196
6.43535     1.00185     1.0137
7.44504     1.01748     0.818772
