0.350636     1.16482     1.06775
0.449644     0.950693     0.550414
0.54917     0.880755     0.309171
0.695371     0.891829     0.139861
0.894639     0.767197     0.0788736
1.11582     0.783115     0.0489952
1.36409     0.746744     0.0378283
1.68067     0.736863     0.0286425
2.19784     0.682908     0.0351706
2.71313     0.75054     0.0454354
3.21423     0.847408     0.073688
3.71678     0.833083     0.123147
4.38766     0.990857     0.199757
5.41258     1.01309     0.327908
6.43306     0.944154     0.658713
7.44671     0.967483     0.879439
