0.35051     1.05559     0.812151
0.449425     0.271281     0.329171
0.548952     0.772864     0.184116
0.694588     0.622813     0.0773261
0.893906     0.493899     0.0472396
1.11509     0.59003     0.0324208
1.36341     0.522614     0.0295501
1.68326     0.52423     0.0257472
2.19504     0.652171     0.0573889
2.71611     0.820994     0.100694
3.21877     0.865041     0.196784
3.72162     0.985772     0.255849
4.40459     1.04194     0.302214
5.42279     1.16007     2.68828
6.43561     0.937735     0.942345
7.44238     1.05518     5.55521
