0.350625     0.228436     0.382693
0.449533     0.747882     0.163205
0.54905     0.696672     0.0927694
0.694915     0.638898     0.03765
0.894169     0.6076     0.0229838
1.11541     0.577701     0.015133
1.36369     0.567227     0.0130961
1.68329     0.570407     0.0110277
2.19489     0.64146     0.0196303
2.71531     0.73719     0.0359678
3.21772     0.8583     0.0584328
3.72052     0.935135     0.0861291
4.40127     0.9713     0.137005
5.42071     1.03298     0.241754
6.43594     1.04897     1.4717
7.4461     1.01672     4.58192
