0.350722     1.91487     0.485594
0.449658     0.877267     0.231016
0.54917     0.846986     0.132682
0.695339     0.763829     0.0579255
0.894529     0.725835     0.033602
1.11582     0.68805     0.0213332
1.36408     0.637484     0.0170434
1.68218     0.636132     0.0132027
2.19604     0.64126     0.0174617
2.7138     0.67328     0.0256075
3.21522     0.773019     0.0478083
3.71796     0.89826     0.0760195
4.39178     0.965838     0.10262
5.41527     0.93592     0.30284
6.43401     0.766534     1.97829
7.44591     1.10942     2.0713
