0.350692     -6.21096     -2.89699
0.449596     -1.86875     -0.580737
0.549107     -0.230709     -0.323928
0.695109     -0.18345     -0.137336
0.894324     0.101068     0.0834153
1.1156     0.315367     0.0551304
1.36386     0.389634     0.044501
1.68317     0.445715     0.0359856
2.19499     0.431797     0.0564608
2.71479     0.621493     0.0980699
3.21693     0.863833     0.144608
3.71972     0.856533     0.279656
4.39772     0.812639     1.04967
5.41913     -1.76681     -14.8668
6.43412     0.980173     1.83703
7.44634     -16.254     -1800.74
