0.350719     0.874879     0.401033
0.449625     0.805495     0.182076
0.549137     0.748003     0.102203
0.69521     0.659681     0.0434128
0.894402     0.671743     0.0258011
1.1157     0.652366     0.0166969
1.36396     0.62807     0.013703
1.68299     0.605124     0.0108541
2.19518     0.655987     0.01593
2.71446     0.680357     0.0269417
3.21635     0.782641     0.0480445
3.71923     0.904469     0.0742032
4.39612     0.962641     0.114336
5.41761     0.953991     0.257759
6.43535     0.953144     0.578973
7.44504     1.10101     1.27501
