0.350722     -1.4642     -0.71618
0.449658     0.499202     0.339794
0.54917     0.28955     0.195442
0.695339     0.547433     0.0851319
0.894529     0.464808     0.0499977
1.11582     0.532351     0.0315933
1.36408     0.570903     0.0253742
1.68218     0.569436     0.0196745
2.19604     0.576466     0.0261858
2.7138     0.662968     0.0380753
3.21522     0.729516     0.0690736
3.71796     0.834645     0.121915
4.39178     0.945935     0.152047
5.41527     0.980621     0.35477
6.43401     0.715724     2.63694
7.44591     1.00025     0.954881
