0.350728     2.32067     0.422809
0.449649     1.1531     0.194954
0.54916     1.04126     0.110089
0.695286     0.779804     0.0476685
0.894478     0.72726     0.0279395
1.11577     0.693069     0.0178738
1.36403     0.624647     0.0144165
1.68268     0.614347     0.0112802
2.1955     0.617008     0.0155442
2.71418     0.658684     0.0248516
3.21581     0.788437     0.0426634
3.7185     0.892016     0.0767363
4.39407     1.03875     0.113879
5.41676     0.945013     0.242307
6.43445     1.13526     0.649486
7.44592     1.02666     0.791928
