0.350408     -0.701631     -1.05942
0.44956     0.482094     0.586839
0.549119     0.21722     0.334237
0.695384     0.535689     0.144686
0.895092     0.678741     0.075263
1.11571     0.736293     0.0443594
1.36397     0.70796     0.0334613
1.67904     0.73214     0.0243717
2.20028     0.718738     0.028158
2.71222     0.665458     0.0342341
3.2129     0.726397     0.0499646
3.71535     0.82628     0.102891
4.38235     1.00488     0.136855
5.41059     0.933719     0.384632
6.43231     0.939267     1.21523
7.44663     0.971527     0.970865
