0.350693     -0.160797     -0.636421
0.449657     -0.243898     -0.323738
0.549176     0.344379     0.186421
0.695367     0.598407     0.0833353
0.894573     0.675808     0.0479004
1.11583     0.616354     0.0304164
1.3641     0.642785     0.0239467
1.68151     0.619348     0.0182437
2.19687     0.622383     0.0230958
2.71347     0.591911     0.0312024
3.21476     0.739023     0.0560112
3.71744     0.865603     0.0842364
4.38969     0.978799     0.130493
5.41401     0.991344     0.381508
6.43332     0.944322     0.648504
7.44579     1.0389     1.18067
