0.350625     -19.312     -13.5105
0.449533     -2.83985     -0.772346
0.54905     -1.67195     -0.45425
0.694915     -0.410418     -0.162144
0.894169     -0.0915991     -0.101903
1.11541     0.22133     0.067136
1.36369     0.109594     0.0583551
1.68329     0.363542     0.047767
2.19489     0.492259     0.0850908
2.71531     0.556208     0.162706
3.21772     0.765692     0.431192
3.72052     0.738486     0.743302
4.40127     0.865906     0.405866
5.42071     1.09532     1.13967
6.43594     7.44004     601.09
7.4461     1.0325     1.72039
