0.35051     -227.053     -2511.78
0.449425     -16.0766     -16.5181
0.548952     -5.95734     -3.98398
0.694588     -2.15058     -0.625372
0.893906     -1.77145     -0.427361
1.11509     -0.645866     -0.257629
1.36341     -0.205536     -0.201975
1.68326     0.309394     0.207185
2.19504     0.260843     0.368559
2.71611     0.322855     0.970489
3.21877     1.10153     0.505058
3.72162     -0.0909722     -2.71352
4.40459     0.564499     1.74367
5.42279     0.975722     0.965368
6.43561     1.05182     1.37684
7.44238     1.03509     1.55682
