0.350693     1.25137     0.655548
0.449657     1.30539     0.31467
0.549176     0.978055     0.182944
0.695367     0.9413     0.0815318
0.894573     0.767098     0.0467829
1.11583     0.716515     0.0292931
1.3641     0.714775     0.0230118
1.68151     0.7109     0.0175775
2.19687     0.69549     0.0225174
2.71347     0.716691     0.030426
3.21476     0.725297     0.0538123
3.71744     0.878952     0.097788
4.38969     1.0207     0.146073
5.41401     1.03547     0.295898
6.43332     1.1173     0.841756
7.44579     1.08331     0.614319
