0.350636     0.7797     0.655833
0.449644     0.227611     0.335887
0.54917     1.04524     0.203138
0.695371     0.640244     0.0883224
0.894639     0.687997     0.0501586
1.11582     0.716003     0.0312389
1.36409     0.666742     0.0243668
1.68067     0.620855     0.0181448
2.19784     0.6669     0.0221998
2.71313     0.644209     0.0292276
3.21423     0.751192     0.0492438
3.71678     0.869135     0.0929932
4.38766     0.868326     0.107726
5.41258     1.02484     0.233526
6.43306     0.930613     0.466024
7.44671     0.878541     1.33393
