0.350408     7.7396     20.4221
0.44956     -3.54098     -7.35766
0.549119     3.20127     3.98338
0.695384     -1.43429     -1.68735
0.895092     1.9251     0.838967
1.11571     1.67165     0.502496
1.36397     1.03707     0.389882
1.67904     0.752992     0.278227
2.20028     0.942874     0.326057
2.71222     1.10809     0.360958
3.2129     1.51185     0.432775
3.71535     2.46308     2.6951
4.38235     1.22784     1.33843
5.41059     1.15637     7.60519
6.43231     -2.45522     -22.9936
7.44663     1.2052     1.98744
