0.350692     1.49721     0.408116
0.449596     0.794283     0.183386
0.549107     0.810183     0.105315
0.695109     0.636439     0.0438075
0.894324     0.645825     0.0262589
1.1156     0.594329     0.0171221
1.36386     0.629714     0.0143148
1.68317     0.591637     0.0115754
2.19499     0.634827     0.0180599
2.71479     0.726981     0.0335212
3.21693     0.83912     0.0547819
3.71972     1.0008     0.100399
4.39772     0.990487     0.143462
5.41913     0.92467     0.482834
6.43412     0.915604     0.933954
7.44634     1.01116     1.28056
