0.350719     5.26637     4.33282
0.449625     -0.742656     -1.56816
0.549137     3.05811     0.836942
0.69521     1.66689     0.323404
0.894402     1.39686     0.175241
1.1157     1.5011     0.105767
1.36396     1.5349     0.0825933
1.68299     1.50476     0.0625279
2.19518     1.3831     0.0764912
2.71446     1.362     0.115614
3.21635     1.19942     0.163049
3.71923     1.05855     0.168767
4.39612     0.989238     0.21311
5.41761     1.0961     0.672243
6.43535     0.951544     1.04441
7.44504     1.52871     13.2879
