0.35051     -137.329     -770.325
0.449425     -8.34519     -17.5352
0.548952     6.41586     8.52672
0.694588     2.41261     1.45257
0.893906     -0.017358     -0.819669
1.11509     0.468243     0.519385
1.36341     1.24872     0.439486
1.68326     0.0790658     0.338791
2.19504     1.15288     0.447469
2.71611     1.18573     0.759025
3.21877     1.46122     1.02051
3.72162     0.895149     1.12937
4.40459     0.963121     1.00651
5.42279     0.957787     3.66754
6.43561     0.978424     1.10732
7.44238     0.93789     2.21737
