0.350408     -42.024     -31.085
0.44956     -22.3659     -17.2215
0.549119     -4.17848     -11.4886
0.695384     0.694668     3.69545
0.895092     -0.339099     -1.83701
1.11571     2.05601     1.0135
1.36397     1.34467     0.759177
1.67904     1.96704     0.545012
2.20028     2.08264     0.58018
2.71222     2.3582     0.637761
3.2129     1.85296     0.935252
3.71535     1.80244     1.49842
4.38235     1.8045     4.25387
5.41059     1.59694     2.29069
6.43231     0.982798     1.64147
7.44663     1.04413     1.53144
