0.350728     0.512074     3.442
0.449649     2.13526     1.48372
0.54916     0.930697     0.773638
0.695286     1.33884     0.302757
0.894478     1.38211     0.16463
1.11577     1.41357     0.0986058
1.36403     1.31033     0.0754569
1.68268     1.46851     0.0563796
2.1955     1.56221     0.0692003
2.71418     1.27466     0.0936726
3.21581     1.25243     0.128533
3.7185     1.08205     0.159005
4.39407     1.10156     0.223694
5.41676     0.95778     0.370224
6.43445     1.69543     12.604
7.44592     1.00307     1.45698
