0.350693     -2.82904     -4.19236
0.449657     1.2735     1.69361
0.549176     0.173345     0.956047
0.695367     0.957417     0.37736
0.894573     1.58798     0.207216
1.11583     1.51866     0.120405
1.3641     1.57916     0.0913413
1.68151     1.58465     0.0673116
2.19687     1.53354     0.0778754
2.71347     1.45865     0.0886002
3.21476     1.32702     0.123704
3.71744     1.08419     0.137108
4.38969     1.15026     0.249217
5.41401     1.10924     0.521136
6.43332     1.0727     0.6599
7.44579     1.17256     1.91703
