0.350722     1.32295     3.51148
0.449658     1.47105     1.54034
0.54917     1.69538     0.829405
0.695339     1.20186     0.317053
0.894529     1.56472     0.171496
1.11582     1.55985     0.102797
1.36408     1.55172     0.0786201
1.68218     1.54907     0.0582687
2.19604     1.52873     0.0678177
2.7138     1.40943     0.0876985
3.21522     1.09168     0.103416
3.71796     1.15526     0.162668
4.39178     1.1156     0.17801
5.41527     0.92713     0.403438
6.43401     1.06353     0.606967
7.44591     3.83863     49.7231
