0.350636     2.09804     5.66986
0.449644     2.88561     2.53856
0.54917     0.660221     1.36334
0.695371     1.51698     0.547111
0.894639     1.49113     0.29332
1.11582     1.79156     0.17058
1.36409     1.70654     0.127312
1.68067     1.89125     0.0934358
2.19784     1.76228     0.105784
2.71313     1.46341     0.116949
3.21423     1.24198     0.165814
3.71678     1.22123     0.203389
4.38766     1.18423     0.258224
5.41258     1.2786     0.512279
6.43306     1.14512     0.978631
7.44671     0.643425     4.65031
