0.350692     1.07357     4.10987
0.449596     -1.86386     -1.91517
0.549107     0.693823     0.959138
0.695109     1.43517     0.379209
0.894324     1.74578     0.208189
1.1156     1.25765     0.124938
1.36386     1.24494     0.0980498
1.68317     1.31722     0.0757675
2.19499     1.31965     0.1028
2.71479     1.38034     0.148067
3.21693     1.10542     0.16792
3.71972     1.24918     0.378603
4.39772     1.05689     0.246584
5.41913     1.16108     0.893145
6.43412     1.1998     1.07229
7.44634     1.62963     38.7651
