0.350547     0.884622     10.1803
0.449614     3.88325     4.72424
0.549151     -1.77815     -2.65351
0.695368     1.3676     1.00989
0.894771     1.71506     0.529461
1.11579     1.73367     0.302598
1.36405     2.24032     0.226577
1.67978     2.17222     0.166857
2.19906     1.87936     0.178003
2.71267     1.71479     0.186363
3.21358     1.73274     0.318848
3.71612     1.30961     0.2316
4.38521     1.12527     0.315002
5.41193     0.936246     0.854407
6.43287     -0.186893     -5.73374
7.44529     0.866776     0.614417
