0.350625     -5.94649     -6.43602
0.449533     -0.299051     -2.2797
0.54905     2.12616     1.12787
0.694915     1.73121     0.427839
0.894169     1.37598     0.238188
1.11541     0.970252     0.148995
1.36369     1.27271     0.118078
1.68329     1.21628     0.0935255
2.19489     1.26839     0.142957
2.71531     0.940874     0.199337
3.21772     1.1238     0.268751
3.72052     0.960613     0.251065
4.40127     1.04709     0.495046
5.42071     0.957546     1.03727
6.43594     1.11102     12.0764
7.4461     0.8385     1.90252
