0.350722     7.22903e-07     9.64893e-09
0.449658     1.29733e-06     1.02773e-08
0.54917     2.08367e-06     1.1725e-08
0.695339     3.55283e-06     1.03051e-08
0.894529     6.02944e-06     1.45688e-08
1.11582     9.18892e-06     1.88531e-08
1.36408     1.30016e-05     2.71118e-08
1.68218     1.78121e-05     3.5797e-08
2.19604     2.78194e-05     1.02397e-07
2.7138     3.86297e-05     2.97065e-07
3.21522     4.88552e-05     6.73758e-07
3.71796     4.37228e-05     8.70308e-07
4.39178     3.41721e-05     8.64114e-07
5.41527     1.11561e-05     6.36234e-07
6.43401     2.53182e-06     4.33699e-07
7.44591     6.09817e-07     3.09023e-07
