0.350728     8.60581e-07     1.3456e-08
0.449649     1.63156e-06     1.43795e-08
0.54916     2.61338e-06     1.64705e-08
0.695286     4.45583e-06     1.43079e-08
0.894478     7.55536e-06     2.0255e-08
1.11577     1.1501e-05     2.61212e-08
1.36403     1.62255e-05     3.76992e-08
1.68268     2.22213e-05     4.98424e-08
2.1955     3.42379e-05     1.47072e-07
2.71418     4.7277e-05     4.4962e-07
3.21581     5.71076e-05     8.79564e-07
3.7185     4.73557e-05     1.01897e-06
4.39407     3.43889e-05     9.88825e-07
5.41676     1.06108e-05     7.00414e-07
6.43445     3.11554e-06     4.7652e-07
7.44592     5.38137e-07     3.38796e-07
