0.350692     1.07088e-06     2.58113e-08
0.449596     1.9746e-06     2.75551e-08
0.549107     3.22394e-06     3.1505e-08
0.695109     5.47896e-06     2.6265e-08
0.894324     9.35829e-06     3.73808e-08
1.1156     1.42249e-05     4.76785e-08
1.36386     1.98517e-05     6.9899e-08
1.68317     2.69724e-05     9.3079e-08
2.19499     4.02493e-05     3.14699e-07
2.71479     5.55479e-05     9.42925e-07
3.21693     5.45183e-05     1.33101e-06
3.71972     3.9364e-05     1.28791e-06
4.39772     2.80371e-05     1.21072e-06
5.41913     6.9308e-06     8.11552e-07
6.43412     3.18255e-06     5.45501e-07
7.44634     1.28794e-06     3.8587e-07
