0.350719     9.25137e-07     1.86261e-08
0.449625     1.86591e-06     1.9906e-08
0.549137     3.00258e-06     2.28742e-08
0.69521     5.10952e-06     1.94751e-08
0.894402     8.72691e-06     2.76602e-08
1.1157     1.32658e-05     3.54452e-08
1.36396     1.85334e-05     5.14268e-08
1.68299     2.5414e-05     6.83633e-08
2.19518     3.87276e-05     2.12732e-07
2.71446     5.35515e-05     6.64041e-07
3.21635     5.79928e-05     1.10156e-06
3.71923     4.44765e-05     1.16031e-06
4.39612     3.39946e-05     1.10167e-06
5.41761     1.0995e-05     7.60156e-07
6.43535     2.78287e-06     5.11727e-07
7.44504     7.32327e-07     3.64627e-07
