0.350408     4.53739e-08     1.3977e-09
0.44956     7.24335e-08     1.42257e-09
0.549119     1.1235e-07     1.54339e-09
0.695384     1.97419e-07     1.23864e-09
0.895092     3.51032e-07     1.65353e-09
1.11571     5.58698e-07     2.06885e-09
1.36397     7.94996e-07     3.00333e-09
1.67904     1.10129e-06     3.86991e-09
2.20028     1.80829e-06     1.28064e-08
2.71222     2.53473e-06     3.46401e-08
3.2129     3.18009e-06     1.04137e-07
3.71535     3.40375e-06     2.24268e-07
4.38235     3.63091e-06     2.57214e-07
5.41059     1.30722e-06     2.24867e-07
6.43231     7.06669e-07     1.56629e-07
7.44663     4.03201e-08     1.12841e-07
