0.35051     7.26066e-07     7.23433e-08
0.449425     1.24254e-06     7.56027e-08
0.548952     2.13914e-06     8.6048e-08
0.694588     3.64536e-06     6.27422e-08
0.893906     6.19851e-06     9.03484e-08
1.11509     9.2713e-06     1.13852e-07
1.36341     1.27593e-05     1.81553e-07
1.68326     1.66809e-05     2.57703e-07
2.19504     2.23926e-05     1.1568e-06
2.71611     2.02972e-05     1.58355e-06
3.21877     1.28953e-05     1.42782e-06
3.72162     5.90389e-06     1.1386e-06
4.40459     4.11728e-06     1.05237e-06
5.42279     5.07586e-07     6.67502e-07
6.43561     5.3439e-07     4.4464e-07
7.44238     -4.5196e-07     3.16039e-07
