0.350693     5.30832e-07     6.74385e-09
0.449657     9.5197e-07     7.16436e-09
0.549176     1.51707e-06     8.12182e-09
0.695367     2.55451e-06     7.1608e-09
0.894573     4.34412e-06     1.00679e-08
1.11583     6.66404e-06     1.30835e-08
1.3641     9.46105e-06     1.87707e-08
1.68151     1.29832e-05     2.47577e-08
2.19687     2.04647e-05     7.01779e-08
2.71347     2.8844e-05     1.93041e-07
3.21476     3.67911e-05     4.9069e-07
3.71744     3.57828e-05     7.13456e-07
4.38969     2.96549e-05     7.29728e-07
5.41401     1.02877e-05     5.58139e-07
6.43332     2.91675e-06     3.82853e-07
7.44579     7.69474e-07     2.72631e-07
