0.350625     8.92593e-07     3.10101e-08
0.449533     1.777e-06     3.2845e-08
0.54905     3.07249e-06     3.75178e-08
0.694915     5.25004e-06     2.97116e-08
0.894169     8.98505e-06     4.22951e-08
1.11541     1.34528e-05     5.36552e-08
1.36369     1.88483e-05     8.04231e-08
1.68329     2.52932e-05     1.08635e-07
2.19489     3.79589e-05     4.57815e-07
2.71531     4.41428e-05     1.02237e-06
3.21772     3.93768e-05     1.14646e-06
3.72052     2.6084e-05     1.00184e-06
4.40127     1.88929e-05     9.28672e-07
5.42071     3.8003e-06     6.03727e-07
6.43594     1.70154e-06     4.05218e-07
7.4461     6.52363e-07     2.86146e-07
