0.350547     1.64688e-07     2.73149e-09
0.449614     2.81444e-07     2.82854e-09
0.549151     4.37021e-07     3.12856e-09
0.695368     7.52008e-07     2.668e-09
0.894771     1.30599e-06     3.68224e-09
1.11579     2.04252e-06     4.73781e-09
1.36405     2.89686e-06     6.7676e-09
1.67978     3.98582e-06     8.88957e-09
2.19906     6.5012e-06     2.67584e-08
2.71267     9.54324e-06     7.04501e-08
3.21358     1.19708e-05     2.03914e-07
3.71612     1.3963e-05     3.82725e-07
4.38521     1.19495e-05     4.20003e-07
5.41193     4.7596e-06     3.51612e-07
6.43287     1.28679e-06     2.436e-07
7.44529     3.02479e-07     1.75165e-07
