0.350636     3.43523e-07     4.54833e-09
0.449644     5.88044e-07     4.77242e-09
0.54917     9.40162e-07     5.37657e-09
0.695371     1.58921e-06     4.69161e-09
0.894639     2.70405e-06     6.56498e-09
1.11582     4.17958e-06     8.50493e-09
1.36409     5.93018e-06     1.21856e-08
1.68067     8.19068e-06     1.60825e-08
2.19784     1.30558e-05     4.62339e-08
2.71313     1.87461e-05     1.22762e-07
3.21423     2.36893e-05     3.36885e-07
3.71678     2.57199e-05     5.56549e-07
4.38766     2.20167e-05     5.88833e-07
5.41258     7.43432e-06     4.69817e-07
6.43306     2.07554e-06     3.22822e-07
7.44671     5.72269e-07     2.32581e-07
