0.350722     3.05337e-09     1.45593e-10
0.449658     6.9652e-09     1.65671e-10
0.54917     1.33865e-08     2.05292e-10
0.695339     2.80367e-08     1.79641e-10
0.894529     5.90497e-08     3.00453e-10
1.11582     1.05475e-07     4.41274e-10
1.36408     1.7107e-07     7.39044e-10
1.68218     2.65376e-07     1.09803e-09
2.19604     4.9577e-07     4.85257e-09
2.7138     7.75294e-07     2.36753e-08
3.21522     1.13813e-06     6.73747e-08
3.71796     9.11798e-07     9.19851e-08
4.39178     8.08176e-07     9.2481e-08
5.41527     2.36378e-07     6.90595e-08
6.43401     1.14582e-07     4.74363e-08
7.44591     -2.6859e-09     3.36591e-08
