0.35051     -6.04249e-10     3.35373e-09
0.449425     4.22083e-09     3.65622e-09
0.548952     8.99014e-09     4.44483e-09
0.694588     3.90392e-08     2.89649e-09
0.893906     8.13236e-08     4.99349e-09
1.11509     1.41969e-07     7.11994e-09
1.36341     2.19878e-07     1.41314e-08
1.68326     3.36614e-07     2.39149e-08
2.19504     7.27728e-07     1.79963e-07
2.71611     5.54864e-07     2.59139e-07
3.21877     4.16698e-07     2.36603e-07
3.72162     2.29686e-07     1.90843e-07
4.40459     2.46751e-07     1.77027e-07
5.42279     4.28184e-08     1.13038e-07
6.43561     9.67433e-08     7.64562e-08
7.44238     -3.46465e-08     5.59841e-08
