0.350692     6.80813e-09     6.17021e-10
0.449596     1.45961e-08     7.0817e-10
0.549107     3.02158e-08     8.72936e-10
0.695109     6.05218e-08     7.1842e-10
0.894324     1.27874e-07     1.21461e-09
1.1156     2.30386e-07     1.75032e-09
1.36386     3.68778e-07     3.03159e-09
1.68317     5.59131e-07     4.52054e-09
2.19499     9.58508e-07     2.61883e-08
2.71479     1.54007e-06     1.13987e-07
3.21693     1.63776e-06     1.72633e-07
3.71972     7.40463e-07     1.71049e-07
4.39772     9.72354e-07     1.61297e-07
5.41913     1.88299e-07     1.09122e-07
6.43412     1.06939e-07     7.32294e-08
7.44634     2.55919e-09     5.18512e-08
