0.350625     5.00495e-09     9.64627e-10
0.449533     1.39285e-08     1.10086e-09
0.54905     2.94965e-08     1.33761e-09
0.694915     6.13341e-08     1.00992e-09
0.894169     1.2868e-07     1.70981e-09
1.11541     2.24516e-07     2.45291e-09
1.36369     3.61791e-07     4.35607e-09
1.68329     5.41005e-07     6.70465e-09
2.19489     9.27344e-07     5.36956e-08
2.71531     1.11138e-06     1.42285e-07
3.21772     9.61222e-07     1.64914e-07
3.72052     8.23113e-07     1.45874e-07
4.40127     4.02461e-07     1.3551e-07
5.42071     1.19134e-07     8.87288e-08
6.43594     7.45705e-09     6.01185e-08
7.4461     -2.89671e-08     4.21693e-08
