0.350408     3.77277e-11     6.90223e-12
0.44956     6.77062e-11     7.20661e-12
0.549119     1.04462e-10     8.21396e-12
0.695384     2.68587e-10     6.23476e-12
0.895092     6.02081e-10     9.73871e-12
1.11571     1.15958e-09     1.35107e-11
1.36397     1.87483e-09     2.5937e-11
1.67904     2.96181e-09     3.32162e-11
2.20028     5.95723e-09     1.88018e-10
2.71222     9.76949e-09     8.41796e-10
3.2129     1.37717e-08     4.40184e-09
3.71535     1.67998e-08     1.134e-08
4.38235     -6.76686e-09     1.33895e-08
5.41059     1.00054e-08     1.20334e-08
6.43231     -7.25853e-09     8.43806e-09
7.44663     -5.75059e-09     6.07142e-09
