0.350693     1.7585e-09     8.3919e-11
0.449657     4.35049e-09     9.44892e-11
0.549176     7.987e-09     1.16527e-10
0.695367     1.63051e-08     1.0262e-10
0.894573     3.37269e-08     1.69002e-10
1.11583     6.18759e-08     2.50425e-10
1.3641     1.00627e-07     4.17801e-10
1.68151     1.56027e-07     6.18556e-10
2.19687     2.91267e-07     2.71378e-09
2.71347     4.92336e-07     1.24717e-08
3.21476     6.95425e-07     4.31236e-08
3.71744     7.80961e-07     6.75438e-08
4.38969     4.47788e-07     7.0042e-08
5.41401     1.5825e-07     5.45525e-08
6.43332     8.38554e-08     3.75494e-08
7.44579     2.16279e-08     2.68308e-08
