0.350547     2.58035e-10     2.02249e-11
0.449614     5.6377e-10     2.18363e-11
0.549151     1.03876e-09     2.58229e-11
0.695368     2.2309e-09     2.15208e-11
0.894771     4.77338e-09     3.4725e-11
1.11579     8.90157e-09     5.0633e-11
1.36405     1.44761e-08     8.37231e-11
1.67978     2.23863e-08     1.236e-10
2.19906     4.48924e-08     6.00673e-10
2.71267     7.74048e-08     2.54694e-09
3.21358     9.81328e-08     1.21587e-08
3.71612     2.01992e-07     2.59502e-08
4.38521     1.48306e-07     2.91124e-08
5.41193     4.08339e-08     2.50013e-08
6.43287     3.12045e-09     1.73766e-08
7.44529     2.71017e-08     1.25396e-08
