0.350636     8.4042e-10     4.47147e-11
0.449644     1.88774e-09     4.97231e-11
0.54917     3.64818e-09     6.06082e-11
0.695371     7.36552e-09     5.22351e-11
0.894639     1.55013e-08     8.59232e-11
1.11582     2.84112e-08     1.25139e-10
1.36409     4.66544e-08     2.10405e-10
1.68067     7.25813e-08     3.13219e-10
2.19784     1.37766e-07     1.40929e-09
2.71313     2.28548e-07     6.12784e-09
3.21423     3.14692e-07     2.50527e-08
3.71678     3.85103e-07     4.58579e-08
4.38766     3.11077e-07     4.92434e-08
5.41258     1.28825e-07     4.01938e-08
6.43306     4.34432e-08     2.78153e-08
7.44671     5.15e-09     2.0044e-08
