0.350728     4.35576e-09     2.42688e-10
0.449649     1.01121e-08     2.75849e-10
0.54916     2.00779e-08     3.40818e-10
0.695286     4.08718e-08     2.97109e-10
0.894478     8.59419e-08     4.94398e-10
1.11577     1.54726e-07     7.23675e-10
1.36403     2.51211e-07     1.22168e-09
1.68268     3.8886e-07     1.82376e-09
2.1955     7.0076e-07     8.44285e-09
2.71418     1.08074e-06     4.26042e-08
3.21581     1.35176e-06     9.74484e-08
3.7185     1.14372e-06     1.17874e-07
4.39407     7.90972e-07     1.15208e-07
5.41676     3.1187e-07     8.25279e-08
6.43445     8.83705e-09     5.64628e-08
7.44592     3.90238e-08     4.00562e-08
