0.350719     4.76986e-09     3.8589e-10
0.449625     1.31178e-08     4.40269e-10
0.549137     2.55141e-08     5.50303e-10
0.69521     5.24522e-08     4.68055e-10
0.894402     1.11132e-07     7.88654e-10
1.1157     1.98992e-07     1.14266e-09
1.36396     3.18812e-07     1.94129e-09
1.68299     4.90244e-07     2.90763e-09
2.19518     8.97745e-07     1.46163e-08
2.71446     1.34384e-06     7.20975e-08
3.21635     1.38297e-06     1.32994e-07
3.71923     1.29403e-06     1.44576e-07
4.39612     9.38359e-07     1.38115e-07
5.41761     2.13825e-07     9.61455e-08
6.43535     8.6035e-08     6.48598e-08
7.44504     6.3796e-09     4.63607e-08
