0.35051     2.58112e-05     2.19538e-07
0.449425     4.66039e-05     2.38205e-07
0.548952     7.05718e-05     2.78684e-07
0.694588     0.000110454     2.36464e-07
0.893906     0.00016887     3.40632e-07
1.11509     0.000232662     4.33966e-07
1.36341     0.000296652     6.34563e-07
1.68326     0.000365214     8.50912e-07
2.19504     0.000410694     2.66431e-06
2.71611     0.000310147     3.37664e-06
3.21877     0.000184662     2.98618e-06
3.72162     9.97858e-05     2.3559e-06
4.40459     6.83895e-05     2.16804e-06
5.42279     1.93882e-05     1.35731e-06
6.43561     6.70353e-06     9.053e-07
7.44238     2.79376e-06     6.40128e-07
