0.350693     8.74842e-06     3.01659e-08
0.449657     1.40407e-05     3.41273e-08
0.549176     2.04202e-05     4.05306e-08
0.695367     3.11948e-05     4.21596e-08
0.894573     4.77946e-05     5.93926e-08
1.11583     6.74106e-05     7.76898e-08
1.3641     8.90821e-05     1.04942e-07
1.68151     0.000114259     1.33611e-07
2.19687     0.000160359     3.00304e-07
2.71347     0.00019961     6.82407e-07
3.21476     0.000204438     1.41222e-06
3.71744     0.00016428     1.88557e-06
4.38969     0.000124052     1.89097e-06
5.41401     3.82346e-05     1.4069e-06
6.43332     1.24939e-05     9.55739e-07
7.44579     4.05664e-06     6.81634e-07
