0.350728     1.92043e-05     6.19167e-08
0.449649     3.16886e-05     7.11215e-08
0.54916     4.7052e-05     8.57071e-08
0.695286     7.22105e-05     8.99033e-08
0.894478     0.000110483     1.27985e-07
1.11577     0.000154896     1.6775e-07
1.36403     0.000204006     2.27588e-07
1.68268     0.000260777     2.91113e-07
2.1955     0.000353578     6.50825e-07
2.71418     0.000408898     1.508e-06
3.21581     0.000385212     2.52343e-06
3.7185     0.000263567     2.76449e-06
4.39407     0.000195178     2.64929e-06
5.41676     5.5433e-05     1.84333e-06
6.43445     1.79243e-05     1.24228e-06
7.44592     6.88727e-06     8.84348e-07
