0.350719     2.3945e-05     8.36406e-08
0.449625     4.02979e-05     9.61275e-08
0.549137     6.00343e-05     1.1618e-07
0.69521     9.26166e-05     1.20395e-07
0.894402     0.000141693     1.72049e-07
1.1157     0.000197903     2.24665e-07
1.36396     0.000259371     3.05778e-07
1.68299     0.000331076     3.92117e-07
2.19518     0.000438894     9.00473e-07
2.71446     0.000492265     2.08996e-06
3.21635     0.000426301     3.07047e-06
3.71923     0.000281429     3.09749e-06
4.39612     0.00019861     2.92407e-06
5.41761     6.02508e-05     1.97889e-06
6.43535     1.75728e-05     1.32263e-06
7.44504     7.10487e-06     9.3959e-07
