0.350547     1.54165e-06     1.0009e-08
0.449614     2.4017e-06     1.07531e-08
0.549151     3.47708e-06     1.2299e-08
0.695368     5.34554e-06     1.19768e-08
0.894771     8.41416e-06     1.65307e-08
1.11579     1.20399e-05     2.12335e-08
1.36405     1.59922e-05     2.88197e-08
1.67978     2.06321e-05     3.64354e-08
2.19906     2.99232e-05     9.13624e-08
2.71267     3.8829e-05     2.1629e-07
3.21358     4.37364e-05     5.25577e-07
3.71612     4.17284e-05     8.77883e-07
4.38521     3.28396e-05     9.38773e-07
5.41193     1.11413e-05     7.54944e-07
6.43287     3.54491e-06     5.19057e-07
7.44529     1.28495e-06     3.7176e-07
