0.350408     2.22979e-07     4.08693e-09
0.44956     3.48081e-07     4.21686e-09
0.549119     5.13676e-07     4.66092e-09
0.695384     8.05552e-07     4.07882e-09
0.895092     1.31904e-06     5.46553e-09
1.11571     1.92126e-06     6.80817e-09
1.36397     2.51579e-06     9.26853e-09
1.67904     3.27423e-06     1.15729e-08
2.20028     4.79389e-06     3.40463e-08
2.71222     6.3193e-06     8.68168e-08
3.2129     7.46602e-06     2.29626e-07
3.71535     7.0992e-06     4.35466e-07
4.38235     5.94082e-06     4.85742e-07
5.41059     2.17483e-06     4.06447e-07
6.43231     4.53948e-07     2.8075e-07
7.44663     7.94601e-08     2.01997e-07
