0.350722     1.3904e-05     4.44852e-08
0.449658     2.26714e-05     5.07862e-08
0.54917     3.32642e-05     6.08695e-08
0.695339     5.09686e-05     6.39264e-08
0.894529     7.80518e-05     9.06028e-08
1.11582     0.000109398     1.1866e-07
1.36408     0.000144365     1.60577e-07
1.68218     0.000184638     2.04386e-07
2.19604     0.000255097     4.54581e-07
2.7138     0.000306007     1.04145e-06
3.21522     0.000301499     1.95577e-06
3.71796     0.000223165     2.35778e-06
4.39178     0.000166444     2.30794e-06
5.41527     4.94027e-05     1.65814e-06
6.43401     1.35579e-05     1.12488e-06
7.44591     5.78776e-06     7.96684e-07
