0.350625     2.99445e-05     1.16978e-07
0.449533     5.21866e-05     1.3151e-07
0.54905     7.83208e-05     1.57332e-07
0.694915     0.000122359     1.50928e-07
0.894169     0.00018718     2.16036e-07
1.11541     0.000259799     2.80037e-07
1.36369     0.000336402     3.88763e-07
1.68329     0.000420192     5.02983e-07
2.19489     0.000521386     1.42023e-06
2.71531     0.000504855     2.62636e-06
3.21772     0.000358948     2.80468e-06
3.72052     0.000203264     2.40584e-06
4.40127     0.000142973     2.22092e-06
5.42071     4.07723e-05     1.42866e-06
6.43594     1.37368e-05     9.51843e-07
7.4461     4.78453e-06     6.72891e-07
