0.350692     2.78316e-05     1.1087e-07
0.449596     4.74074e-05     1.26797e-07
0.549107     7.07285e-05     1.52367e-07
0.695109     0.000109553     1.55286e-07
0.894324     0.000167549     2.22383e-07
1.1156     0.00023346     2.89579e-07
1.36386     0.000305075     3.97692e-07
1.68317     0.000386085     5.08503e-07
2.19499     0.000500588     1.22897e-06
2.71479     0.000533359     2.76333e-06
3.21693     0.00042748     3.56969e-06
3.71972     0.000264635     3.3478e-06
4.39772     0.000190126     3.11864e-06
5.41913     5.41986e-05     2.05991e-06
6.43412     1.61629e-05     1.37119e-06
7.44634     7.08542e-06     9.71654e-07
