0.350636     4.4755e-06     1.9007e-08
0.449644     6.99381e-06     2.0983e-08
0.54917     1.02302e-05     2.46453e-08
0.695371     1.56017e-05     2.51037e-08
0.894639     2.40555e-05     3.5057e-08
1.11582     3.40556e-05     4.55618e-08
1.36409     4.52247e-05     6.17257e-08
1.68067     5.81034e-05     7.81898e-08
2.19784     8.29037e-05     1.82906e-07
2.71313     0.000105639     4.18627e-07
3.21423     0.000113177     9.40085e-07
3.71678     9.79824e-05     1.40118e-06
4.38766     7.45782e-05     1.44719e-06
5.41258     2.51559e-05     1.11941e-06
6.43306     5.98928e-06     7.66613e-07
7.44671     2.97067e-06     5.49691e-07
