0.350719     1.65446e-07     2.46303e-09
0.449625     3.6294e-07     3.01745e-09
0.549137     6.65254e-07     3.9713e-09
0.69521     1.27269e-06     4.03791e-09
0.894402     2.40814e-06     6.83018e-09
1.1157     3.95685e-06     1.00922e-08
1.36396     5.92806e-06     1.60086e-08
1.68299     8.52065e-06     2.31671e-08
2.19518     1.27181e-05     8.20643e-08
2.71446     1.48511e-05     2.66411e-07
3.21635     1.2078e-05     4.29141e-07
3.71923     8.28628e-06     4.45831e-07
4.39612     5.22026e-06     4.23371e-07
5.41761     1.56164e-06     2.89914e-07
6.43535     4.6368e-07     1.93935e-07
7.44504     1.60737e-07     1.37706e-07
