0.350625     2.34823e-07     5.14795e-09
0.449533     5.51269e-07     6.06752e-09
0.54905     1.00594e-06     7.87987e-09
0.694915     1.98754e-06     7.09878e-09
0.894169     3.75115e-06     1.19777e-08
1.11541     6.15298e-06     1.75118e-08
1.36369     8.99322e-06     2.86103e-08
1.68329     1.25023e-05     4.20591e-08
2.19489     1.68757e-05     1.97281e-07
2.71531     1.59127e-05     4.25438e-07
3.21772     1.08467e-05     4.68293e-07
3.72052     6.53872e-06     4.06761e-07
4.40127     3.86385e-06     3.76551e-07
5.42071     1.44952e-06     2.43054e-07
6.43594     1.6072e-07     1.63051e-07
7.4461     3.57955e-08     1.14944e-07
