0.350693     3.69155e-08     5.36358e-10
0.449657     7.70952e-08     6.40871e-10
0.549176     1.35292e-07     8.29287e-10
0.695367     2.54173e-07     8.54356e-10
0.894573     4.82087e-07     1.41447e-09
1.11583     8.07317e-07     2.10288e-09
1.3641     1.22419e-06     3.28884e-09
1.68151     1.77355e-06     4.6956e-09
2.19687     2.9084e-06     1.61639e-08
2.71347     3.9769e-06     5.52834e-08
3.21476     3.957e-06     1.45242e-07
3.71744     2.95656e-06     2.06781e-07
4.38969     2.11877e-06     2.10505e-07
5.41401     7.80077e-07     1.59165e-07
6.43332     1.94849e-07     1.09099e-07
7.44579     1.86769e-07     7.77053e-08
