0.350722     7.33428e-08     9.54586e-10
0.449658     1.53824e-07     1.15498e-09
0.54917     2.74166e-07     1.50398e-09
0.695339     5.20236e-07     1.56724e-09
0.894529     9.84167e-07     2.61596e-09
1.11582     1.63478e-06     3.91098e-09
1.36408     2.46655e-06     6.13953e-09
1.68218     3.55504e-06     8.75201e-09
2.19604     5.69857e-06     2.96009e-08
2.7138     7.34086e-06     1.00502e-07
3.21522     6.77232e-06     2.2731e-07
3.71796     5.28084e-06     2.87825e-07
4.39178     3.95995e-06     2.85466e-07
5.41527     9.45083e-07     2.07523e-07
6.43401     9.07021e-08     1.42028e-07
7.44591     -7.2946e-08     1.01068e-07
