0.350636     1.42312e-08     2.7095e-10
0.449644     2.77503e-08     3.16528e-10
0.54917     5.02764e-08     3.97936e-10
0.695371     9.43039e-08     4.01392e-10
0.894639     1.80208e-07     6.60362e-10
1.11582     3.03008e-07     9.64183e-10
1.36409     4.62914e-07     1.52523e-09
1.68067     6.71635e-07     2.1571e-09
2.19784     1.13609e-06     7.87217e-09
2.71313     1.58918e-06     2.74195e-08
3.21423     1.82225e-06     8.26825e-08
3.71678     1.52413e-06     1.35134e-07
4.38766     1.0332e-06     1.41585e-07
5.41258     4.8973e-07     1.11797e-07
6.43306     1.61335e-07     7.70152e-08
7.44671     8.81287e-08     5.56103e-08
