0.350547     2.9145e-09     1.09064e-10
0.449614     6.3867e-09     1.22716e-10
0.549151     1.09164e-08     1.50865e-10
0.695368     2.1114e-08     1.42374e-10
0.894771     4.16166e-08     2.30228e-10
1.11579     7.06585e-08     3.31213e-10
1.36405     1.08666e-07     5.2347e-10
1.67978     1.59087e-07     7.42301e-10
2.19906     2.74444e-07     2.99046e-09
2.71267     3.91759e-07     1.09115e-08
3.21358     5.02108e-07     3.79562e-08
3.71612     4.49675e-07     7.11067e-08
4.38521     4.34468e-07     7.74772e-08
5.41193     4.49664e-08     6.38595e-08
6.43287     -1.35766e-08     4.39695e-08
7.44529     -4.07885e-09     3.14988e-08
