0.350728     1.17359e-07     1.56936e-09
0.449649     2.53568e-07     1.91539e-09
0.54916     4.58433e-07     2.47847e-09
0.695286     8.71622e-07     2.61015e-09
0.894478     1.64825e-06     4.37879e-09
1.11577     2.73225e-06     6.52352e-09
1.36403     4.11532e-06     1.02671e-08
1.68268     5.94086e-06     1.48163e-08
2.1955     9.20845e-06     5.0506e-08
2.71418     1.12091e-05     1.69771e-07
3.21581     1.05442e-05     3.24171e-07
3.7185     6.63619e-06     3.69029e-07
4.39407     4.60102e-06     3.56976e-07
5.41676     1.43115e-06     2.50594e-07
6.43445     3.95909e-07     1.69676e-07
7.44592     2.18653e-07     1.20736e-07
