0.350692     2.13517e-07     3.77961e-09
0.449596     4.72921e-07     4.58983e-09
0.549107     8.4805e-07     5.93739e-09
0.695109     1.65441e-06     5.93238e-09
0.894324     3.12079e-06     1.00844e-08
1.1156     5.13101e-06     1.47454e-08
1.36386     7.62711e-06     2.39641e-08
1.68317     1.08142e-05     3.42213e-08
2.19499     1.55572e-05     1.30538e-07
2.71479     1.66202e-05     3.90104e-07
3.21693     1.33865e-05     5.37589e-07
3.71972     7.37726e-06     5.15391e-07
4.39772     4.792e-06     4.82659e-07
5.41913     9.10692e-07     3.21603e-07
6.43412     3.11732e-07     2.14415e-07
7.44634     1.69386e-07     1.52455e-07
