0.35051     1.97363e-07     1.41445e-08
0.449425     4.87457e-07     1.57312e-08
0.548952     9.15452e-07     1.96629e-08
0.694588     1.7357e-06     1.47971e-08
0.893906     3.33452e-06     2.5501e-08
1.11509     5.36371e-06     3.60078e-08
1.36341     7.6074e-06     6.44738e-08
1.68326     1.04668e-05     9.99725e-08
2.19504     1.15137e-05     4.7762e-07
2.71611     8.47013e-06     6.36438e-07
3.21877     3.88881e-06     5.70407e-07
3.72162     2.50858e-06     4.5435e-07
4.40459     2.01117e-06     4.18906e-07
5.42279     1.50655e-07     2.64067e-07
6.43561     2.58219e-07     1.77296e-07
7.44238     -3.28232e-08     1.25392e-07
