0.350408     1.48091e-10     3.07806e-11
0.44956     4.18572e-10     3.25108e-11
0.549119     7.87664e-10     3.88611e-11
0.695384     1.61168e-09     3.20603e-11
0.895092     3.42878e-09     5.03737e-11
1.11571     5.9112e-09     7.03963e-11
1.36397     8.8112e-09     1.23257e-10
1.67904     1.3257e-08     1.55835e-10
2.20028     2.32763e-08     7.63783e-10
2.71222     3.7025e-08     3.04097e-09
3.2129     6.65579e-08     1.24142e-08
3.71535     2.7522e-08     2.7148e-08
4.38235     3.83797e-08     3.11262e-08
5.41059     5.42358e-09     2.67316e-08
6.43231     2.13158e-09     1.84655e-08
7.44663     1.05044e-08     1.33126e-08
