0.350719     1.21355e-07     1.55988e-08
0.449625     2.48455e-07     1.56212e-08
0.549137     5.26595e-07     1.71528e-08
0.69521     9.53478e-07     1.22993e-08
0.894402     1.78894e-06     1.75121e-08
1.1157     2.93984e-06     2.22854e-08
1.36396     4.35156e-06     3.43135e-08
1.68299     6.33223e-06     4.73928e-08
2.19518     9.46161e-06     1.80257e-07
2.71446     1.07959e-05     5.404e-07
3.21635     8.04789e-06     8.29316e-07
3.71923     5.68052e-06     8.40989e-07
4.39612     3.35557e-06     7.94121e-07
5.41761     7.58176e-07     5.39286e-07
6.43535     -5.08241e-07     3.63377e-07
7.44504     4.49734e-07     2.57835e-07
