0.35051     8.08361e-09     8.94095e-08
0.449425     9.15446e-08     9.099e-08
0.548952     1.81267e-07     1.00781e-07
0.694588     5.58561e-07     6.50168e-08
0.893906     9.62631e-07     9.36243e-08
1.11509     1.63044e-06     1.16627e-07
1.36341     2.64846e-06     1.96531e-07
1.68326     3.11401e-06     2.87275e-07
2.19504     3.90756e-06     1.20029e-06
2.71611     1.72262e-06     1.52684e-06
3.21877     3.99778e-06     1.34511e-06
3.72162     -3.96285e-07     1.06147e-06
4.40459     6.49777e-07     9.81088e-07
5.42279     8.98192e-07     6.19803e-07
6.43561     4.34592e-07     4.11957e-07
7.44238     2.72434e-07     2.94423e-07
