0.350692     7.45064e-08     2.28578e-08
0.449596     2.88344e-07     2.29246e-08
0.549107     5.15683e-07     2.5052e-08
0.695109     9.85637e-07     1.74548e-08
0.894324     1.83142e-06     2.48692e-08
1.1156     2.97391e-06     3.14651e-08
1.36386     4.5687e-06     4.88821e-08
1.68317     6.53855e-06     6.76654e-08
2.19499     9.29044e-06     2.77836e-07
2.71479     1.05142e-05     7.70886e-07
3.21693     9.66515e-06     1.02199e-06
3.71972     4.59136e-06     9.61199e-07
4.39772     1.11337e-06     8.96947e-07
5.41913     8.14552e-08     5.95661e-07
6.43412     -3.05306e-07     3.99897e-07
7.44634     -2.5619e-09     2.83289e-07
