0.350693     9.73892e-08     5.6569e-09
0.449657     1.91593e-07     5.7147e-09
0.549176     3.39887e-07     6.30946e-09
0.695367     6.38108e-07     4.86652e-09
0.894573     1.20736e-06     6.90923e-09
1.11583     1.99815e-06     9.061e-09
1.3641     3.03671e-06     1.37516e-08
1.68151     4.42468e-06     1.87901e-08
2.19687     7.43411e-06     6.22852e-08
2.71347     1.01078e-05     1.76676e-07
3.21476     1.01154e-05     4.03985e-07
3.71744     8.90937e-06     5.47952e-07
4.38969     6.01559e-06     5.49233e-07
5.41401     1.52101e-06     4.09913e-07
6.43332     5.92996e-07     2.78957e-07
7.44579     2.42392e-07     1.98214e-07
