0.350408     2.67411e-08     1.9014e-09
0.44956     4.91588e-08     1.94157e-09
0.549119     8.81893e-08     2.11285e-09
0.695384     1.77072e-07     1.63816e-09
0.895092     3.60839e-07     2.29077e-09
1.11571     6.30422e-07     2.98403e-09
1.36397     9.68596e-07     4.47358e-09
1.67904     1.43643e-06     6.13109e-09
2.20028     2.58288e-06     2.05631e-08
2.71222     3.71531e-06     5.3804e-08
3.2129     4.61908e-06     1.43481e-07
3.71535     3.69353e-06     2.73425e-07
4.38235     3.25269e-06     3.03573e-07
5.41059     9.1262e-07     2.54462e-07
6.43231     1.99981e-07     1.76578e-07
7.44663     1.81865e-07     1.26457e-07
