0.350636     7.66781e-08     4.13677e-09
0.449644     1.50236e-07     4.19676e-09
0.54917     2.54099e-07     4.6081e-09
0.695371     4.94478e-07     3.61785e-09
0.894639     9.37886e-07     5.15545e-09
1.11582     1.57774e-06     6.77966e-09
1.36409     2.38931e-06     1.02349e-08
1.68067     3.53697e-06     1.4059e-08
2.19784     6.09961e-06     4.5781e-08
2.71313     8.39043e-06     1.24888e-07
3.21423     9.11178e-06     3.07072e-07
3.71678     6.90054e-06     4.63702e-07
4.38766     6.06994e-06     4.80458e-07
5.41258     2.29085e-06     3.71509e-07
6.43306     7.46985e-07     2.54126e-07
7.44671     1.8253e-07     1.82672e-07
