0.350722     1.08869e-07     7.80184e-09
0.449658     2.26885e-07     7.87049e-09
0.54917     4.03277e-07     8.66056e-09
0.695339     7.68601e-07     6.53274e-09
0.894529     1.43415e-06     9.29674e-09
1.11582     2.39986e-06     1.21271e-08
1.36408     3.60812e-06     1.83535e-08
1.68218     5.22168e-06     2.5193e-08
2.19604     8.37921e-06     8.57947e-08
2.7138     1.11069e-05     2.54658e-07
3.21522     1.02669e-05     5.22259e-07
3.71796     6.99396e-06     6.35654e-07
4.39178     5.74968e-06     6.2388e-07
5.41527     1.77904e-06     4.48371e-07
6.43401     1.4225e-07     3.04262e-07
7.44591     -3.21836e-07     2.1706e-07
