0.350728     1.10392e-07     1.08977e-08
0.449649     2.61744e-07     1.0971e-08
0.54916     4.7683e-07     1.20881e-08
0.695286     8.7653e-07     8.87765e-09
0.894478     1.65683e-06     1.26474e-08
1.11577     2.70204e-06     1.62682e-08
1.36403     4.09781e-06     2.48402e-08
1.68268     5.8878e-06     3.41507e-08
2.1955     9.44869e-06     1.22141e-07
2.71418     1.12683e-05     3.71621e-07
3.21581     1.02378e-05     6.64448e-07
3.7185     8.86533e-06     7.3433e-07
4.39407     3.8945e-06     7.04327e-07
5.41676     9.29793e-07     4.89296e-07
6.43445     -6.07035e-08     3.33478e-07
7.44592     4.54146e-08     2.37016e-07
