0.350547     5.57495e-08     2.89253e-09
0.449614     1.06637e-07     2.94823e-09
0.549151     1.8174e-07     3.25412e-09
0.695368     3.42636e-07     2.55934e-09
0.894771     6.71584e-07     3.63287e-09
1.11579     1.13603e-06     4.7624e-09
1.36405     1.72423e-06     7.1631e-09
1.67978     2.57141e-06     9.85527e-09
2.19906     4.44402e-06     3.22036e-08
2.71267     6.42195e-06     8.51481e-08
3.21358     7.14245e-06     2.18991e-07
3.71612     6.64396e-06     3.69554e-07
4.38521     4.67769e-06     3.9563e-07
5.41193     2.03307e-06     3.18096e-07
6.43287     7.1479e-07     2.18662e-07
7.44529     1.69195e-07     1.57623e-07
