0.350625     4.69446e-08     3.14824e-08
0.449533     2.61097e-07     3.15371e-08
0.54905     4.31637e-07     3.46447e-08
0.694915     9.29718e-07     2.32444e-08
0.894169     1.69663e-06     3.30044e-08
1.11541     2.79508e-06     4.12946e-08
1.36369     4.05085e-06     6.60937e-08
1.68329     5.82271e-06     9.20961e-08
2.19489     7.8109e-06     4.34673e-07
2.71531     6.67771e-06     8.80444e-07
3.21772     2.8228e-06     9.43841e-07
3.72052     1.36449e-06     8.0709e-07
4.40127     2.44997e-06     7.46257e-07
5.42071     6.28341e-07     4.8185e-07
6.43594     -4.03774e-09     3.23296e-07
7.4461     -1.90977e-07     2.28476e-07
