0.350722     1.2108e-05     2.64247e-07
0.449658     1.99531e-05     2.61742e-07
0.54917     2.9188e-05     2.69525e-07
0.695339     4.54473e-05     2.20042e-07
0.894529     6.88254e-05     2.52796e-07
1.11582     9.48072e-05     2.77299e-07
1.36408     0.000122917     3.4432e-07
1.68218     0.000155914     4.00983e-07
2.19604     0.000214543     8.09081e-07
2.7138     0.000265352     1.42795e-06
3.21522     0.000274236     2.18685e-06
3.71796     0.00021448     2.45546e-06
4.39178     0.000164116     2.3759e-06
5.41527     4.96849e-05     1.67171e-06
6.43401     1.35313e-05     1.12835e-06
7.44591     5.8293e-06     7.97904e-07
