0.350636     4.39685e-06     1.37879e-07
0.449644     6.61457e-06     1.36811e-07
0.54917     9.82881e-06     1.4051e-07
0.695371     1.50984e-05     1.15829e-07
0.894639     2.34149e-05     1.31143e-07
1.11582     3.27204e-05     1.42733e-07
1.36409     4.27326e-05     1.7577e-07
1.68067     5.43691e-05     2.03674e-07
2.19784     7.76457e-05     4.11739e-07
2.71313     9.79061e-05     7.06794e-07
3.21423     0.000108645     1.1566e-06
3.71678     9.61931e-05     1.50077e-06
4.38766     7.62526e-05     1.51314e-06
5.41258     2.5405e-05     1.13227e-06
6.43306     6.0897e-06     7.69829e-07
7.44671     2.98001e-06     5.50651e-07
