0.35051     1.9095e-05     8.03918e-07
0.449425     3.7451e-05     8.06211e-07
0.548952     5.95788e-05     8.46989e-07
0.694588     9.11605e-05     6.74709e-07
0.893906     0.000139382     8.0352e-07
1.11509     0.000189977     8.92114e-07
1.36341     0.0002432     1.15298e-06
1.68326     0.000302822     1.38752e-06
2.19504     0.000362581     3.01598e-06
2.71611     0.000296094     3.49907e-06
3.21877     0.000183099     3.03206e-06
3.72162     9.9891e-05     2.37341e-06
4.40459     6.81903e-05     2.18098e-06
5.42279     1.93287e-05     1.36026e-06
6.43561     6.68221e-06     9.05976e-07
7.44238     2.8433e-06     6.40579e-07
