0.350719     2.09914e-05     4.30951e-07
0.449625     3.47222e-05     4.27482e-07
0.549137     5.28053e-05     4.42807e-07
0.69521     8.09309e-05     3.57507e-07
0.894402     0.000122242     4.16362e-07
1.1157     0.000168142     4.59232e-07
1.36396     0.000216422     5.74084e-07
1.68299     0.000273959     6.73563e-07
2.19518     0.000366795     1.38186e-06
2.71446     0.000432231     2.47887e-06
3.21635     0.000400377     3.25924e-06
3.71923     0.000274969     3.17369e-06
4.39612     0.000197925     2.97836e-06
5.41761     6.03706e-05     1.98998e-06
6.43535     1.75291e-05     1.32536e-06
7.44504     7.17357e-06     9.40441e-07
