0.350728     1.69569e-05     3.41354e-07
0.449649     2.86812e-05     3.38189e-07
0.54916     4.21134e-05     3.48926e-07
0.695286     6.38158e-05     2.83889e-07
0.894478     9.57661e-05     3.27937e-07
1.11577     0.000132737     3.61331e-07
1.36403     0.000171762     4.49657e-07
1.68268     0.000217797     5.25479e-07
2.1955     0.000296108     1.06798e-06
2.71418     0.000357554     1.90987e-06
3.21581     0.000354544     2.73699e-06
3.7185     0.000256884     2.8522e-06
4.39407     0.000194576     2.71111e-06
5.41676     5.57958e-05     1.85562e-06
6.43445     1.78865e-05     1.24544e-06
7.44592     6.74126e-06     8.85419e-07
