0.350625     2.52988e-05     5.097e-07
0.449533     4.43022e-05     5.0795e-07
0.54905     6.65433e-05     5.29574e-07
0.694915     0.000104622     4.24581e-07
0.894169     0.000158067     5.00133e-07
1.11541     0.00021626     5.5318e-07
1.36369     0.000277912     7.03246e-07
1.68329     0.000347979     8.32562e-07
2.19489     0.000449033     1.8247e-06
2.71531     0.000467417     2.82207e-06
3.21772     0.000346205     2.88443e-06
3.72052     0.000201833     2.43683e-06
4.40127     0.000143333     2.24379e-06
5.42071     4.10243e-05     1.43351e-06
6.43594     1.39197e-05     9.53448e-07
7.4461     4.81191e-06     6.73519e-07
