0.350692     2.43555e-05     5.3667e-07
0.449596     4.06577e-05     5.32546e-07
0.549107     6.1523e-05     5.52174e-07
0.695109     9.51132e-05     4.45101e-07
0.894324     0.00014425     5.20137e-07
1.1156     0.000195931     5.74462e-07
1.36386     0.000254163     7.23076e-07
1.68317     0.000319739     8.49562e-07
2.19499     0.000427404     1.77875e-06
2.71479     0.000477218     3.12071e-06
3.21693     0.000408318     3.73125e-06
3.71972     0.000259478     3.41061e-06
4.39772     0.000190638     3.16557e-06
5.41913     5.43957e-05     2.06966e-06
6.43412     1.61841e-05     1.37367e-06
7.44634     7.08543e-06     9.72357e-07
