0.350408     1.84126e-08     4.05165e-08
0.44956     2.22938e-07     4.04326e-08
0.549119     4.25484e-07     4.15106e-08
0.695384     8.21973e-07     3.45784e-08
0.895092     1.55881e-06     3.84755e-08
1.11571     2.39486e-06     4.13622e-08
1.36397     3.15287e-06     5.03617e-08
1.67904     4.30123e-06     5.7931e-08
2.20028     6.4381e-06     1.18827e-07
2.71222     8.27556e-06     1.99937e-07
3.2129     9.81268e-06     3.32731e-07
3.71535     9.05429e-06     4.88039e-07
4.38235     6.86968e-06     5.19059e-07
5.41059     2.29191e-06     4.12566e-07
6.43231     4.62898e-07     2.82327e-07
7.44663     6.03543e-08     2.02535e-07
