0.350547     1.50265e-06     8.33475e-08
0.449614     2.31736e-06     8.28006e-08
0.549151     3.51803e-06     8.48776e-08
0.695368     5.70834e-06     7.04609e-08
0.894771     9.1139e-06     7.9125e-08
1.11579     1.31721e-05     8.58113e-08
1.36405     1.74908e-05     1.05155e-07
1.67978     2.27016e-05     1.21565e-07
2.19906     3.22098e-05     2.46648e-07
2.71267     4.15135e-05     4.19183e-07
3.21358     4.58258e-05     6.93976e-07
3.71612     4.33592e-05     9.59412e-07
4.38521     3.56779e-05     9.91417e-07
5.41193     1.14817e-05     7.64766e-07
6.43287     3.8499e-06     5.21411e-07
7.44529     1.22942e-06     3.72571e-07
