0.350693     8.04933e-06     1.96215e-07
0.449657     1.25622e-05     1.94529e-07
0.549176     1.86219e-05     1.99787e-07
0.695367     2.84875e-05     1.64152e-07
0.894573     4.32043e-05     1.86908e-07
1.11583     6.02509e-05     2.04666e-07
1.3641     7.82841e-05     2.52584e-07
1.68151     0.000100123     2.9388e-07
2.19687     0.00013944     5.93468e-07
2.71347     0.000176416     1.02924e-06
3.21476     0.000187941     1.64565e-06
3.71744     0.00015916     1.98836e-06
4.38969     0.000123784     1.96046e-06
5.41401     3.80475e-05     1.42126e-06
6.43332     1.24616e-05     9.59638e-07
7.44579     4.07921e-06     6.83053e-07
