0.350728     4.43193e-08     1.31103e-07
0.449649     1.3159e-06     1.31063e-07
0.54916     2.86758e-06     1.35299e-07
0.695286     6.12735e-06     1.09757e-07
0.894478     1.12204e-05     1.24941e-07
1.11577     1.74376e-05     1.34425e-07
1.36403     2.46901e-05     1.65999e-07
1.68268     3.4842e-05     1.90456e-07
2.1955     5.26025e-05     4.00927e-07
2.71418     6.80531e-05     7.31938e-07
3.21581     7.08759e-05     1.05319e-06
3.7185     5.32352e-05     1.09674e-06
4.39407     3.85578e-05     1.04216e-06
5.41676     1.11304e-05     7.11628e-07
6.43445     3.18894e-06     4.79757e-07
7.44592     5.2404e-07     3.39904e-07
