0.350547     -1.96824e-07     3.89913e-08
0.449614     -4.80097e-08     3.95875e-08
0.549151     2.24168e-07     4.09399e-08
0.695368     8.0474e-07     3.44467e-08
0.894771     1.79117e-06     3.80485e-08
1.11579     3.03976e-06     4.03148e-08
1.36405     4.60681e-06     4.84775e-08
1.67978     6.65597e-06     5.42635e-08
2.19906     1.09919e-05     1.12513e-07
2.71267     1.52456e-05     1.94185e-07
3.21358     1.82041e-05     3.24821e-07
3.71612     1.76839e-05     4.51678e-07
4.38521     1.44785e-05     4.66542e-07
5.41193     5.14196e-06     3.61133e-07
6.43287     1.2768e-06     2.46066e-07
7.44529     3.11355e-07     1.76083e-07
