0.350722     1.58371e-07     1.0226e-07
0.449658     1.03038e-06     1.02366e-07
0.54917     2.38226e-06     1.05721e-07
0.695339     4.84791e-06     8.65116e-08
0.894529     8.98956e-06     9.76892e-08
1.11582     1.42767e-05     1.04712e-07
1.36408     2.0176e-05     1.283e-07
1.68218     2.83915e-05     1.46531e-07
2.19604     4.40938e-05     3.06294e-07
2.7138     5.75583e-05     5.51152e-07
3.21522     6.40414e-05     8.50152e-07
3.71796     5.05169e-05     9.53436e-07
4.39178     3.87049e-05     9.20985e-07
5.41527     1.18591e-05     6.48056e-07
6.43401     2.65972e-06     4.37012e-07
7.44591     5.95532e-07     3.10183e-07
