0.35051     -8.63356e-07     3.99485e-07
0.449425     -1.38601e-06     4.02332e-07
0.548952     6.51386e-08     4.22247e-07
0.694588     2.85356e-06     3.34738e-07
0.893906     5.91597e-06     3.97041e-07
1.11509     1.09381e-05     4.3773e-07
1.36341     1.60067e-05     5.65405e-07
1.68326     2.29235e-05     6.79361e-07
2.19504     2.88576e-05     1.49561e-06
2.71611     2.38276e-05     1.72142e-06
3.21877     1.39579e-05     1.48127e-06
3.72162     6.56537e-06     1.15951e-06
4.40459     4.46855e-06     1.06835e-06
5.42279     5.77089e-07     6.71108e-07
6.43561     5.44902e-07     4.45791e-07
7.44238     -4.35521e-07     3.17023e-07
