0.350719     1.28998e-07     1.66821e-07
0.449625     1.62253e-06     1.66615e-07
0.549137     3.32358e-06     1.72334e-07
0.69521     6.83592e-06     1.39039e-07
0.894402     1.28382e-05     1.59222e-07
1.1157     2.02252e-05     1.7191e-07
1.36396     2.79834e-05     2.13371e-07
1.68299     3.92843e-05     2.4659e-07
2.19518     5.85932e-05     5.25848e-07
2.71446     7.4184e-05     9.61968e-07
3.21635     7.00222e-05     1.26504e-06
3.71923     4.92655e-05     1.22965e-06
4.39612     3.65033e-05     1.15096e-06
5.41761     1.12261e-05     7.70464e-07
6.43535     2.807e-06     5.14396e-07
7.44504     7.30291e-07     3.65641e-07
