0.350636     3.12542e-08     5.83488e-08
0.449644     1.76618e-07     5.88709e-08
0.54917     8.81719e-07     6.07552e-08
0.695371     2.09155e-06     5.06014e-08
0.894639     4.01716e-06     5.6345e-08
1.11582     6.61761e-06     6.00821e-08
1.36409     9.58786e-06     7.25871e-08
1.68067     1.35144e-05     8.19416e-08
2.19784     2.1626e-05     1.69984e-07
2.71313     2.94873e-05     2.9666e-07
3.21423     3.37221e-05     4.90881e-07
3.71678     3.10817e-05     6.38256e-07
4.38766     2.5973e-05     6.43831e-07
5.41258     7.86486e-06     4.81367e-07
6.43306     2.14413e-06     3.25868e-07
7.44671     5.62531e-07     2.33715e-07
