0.350693     -5.37643e-08     7.82734e-08
0.449657     5.5465e-07     7.87186e-08
0.549176     1.5778e-06     8.12685e-08
0.695367     3.35315e-06     6.7031e-08
0.894573     6.44591e-06     7.52083e-08
1.11583     1.03924e-05     8.04411e-08
1.3641     1.49693e-05     9.78435e-08
1.68151     2.09028e-05     1.1106e-07
2.19687     3.25987e-05     2.31119e-07
2.71347     4.41287e-05     4.08852e-07
3.21476     4.97518e-05     6.60165e-07
3.71744     4.16805e-05     7.9827e-07
4.38969     3.38998e-05     7.8711e-07
5.41401     1.08018e-05     5.69757e-07
6.43332     3.03198e-06     3.86092e-07
7.44579     8.38822e-07     2.73798e-07
