0.350625     -6.08513e-07     2.18271e-07
0.449533     8.15819e-07     2.18693e-07
0.54905     2.62195e-06     2.27767e-07
0.694915     6.41708e-06     1.81705e-07
0.894169     1.19005e-05     2.11494e-07
1.11541     1.82959e-05     2.30888e-07
1.36369     2.63239e-05     2.92472e-07
1.68329     3.64086e-05     3.4431e-07
2.19489     5.39855e-05     7.78015e-07
2.71531     5.36833e-05     1.20642e-06
3.21772     4.39793e-05     1.22762e-06
3.72052     2.78098e-05     1.03417e-06
4.40127     1.97853e-05     9.52175e-07
5.42071     3.82391e-06     6.08933e-07
6.43594     1.65581e-06     4.06665e-07
7.4461     6.13248e-07     2.86747e-07
