0.350408     -2.09729e-07     2.26216e-08
0.44956     -2.3443e-07     2.3104e-08
0.549119     -1.49204e-07     2.38921e-08
0.695384     -7.66353e-09     2.03216e-08
0.895092     2.78746e-07     2.22936e-08
1.11571     6.5404e-07     2.34995e-08
1.36397     1.01469e-06     2.8041e-08
1.67904     1.64985e-06     3.11163e-08
2.20028     2.95399e-06     6.43689e-08
2.71222     4.06066e-06     1.10132e-07
3.2129     4.8336e-06     1.85234e-07
3.71535     4.68316e-06     2.73802e-07
4.38235     4.49678e-06     2.90493e-07
5.41059     1.39794e-06     2.31504e-07
6.43231     6.90673e-07     1.58384e-07
7.44663     5.73318e-08     1.13471e-07
