0.350692     -2.48913e-07     2.12402e-07
0.449596     1.53884e-06     2.12267e-07
0.549107     3.63367e-06     2.20255e-07
0.695109     7.697e-06     1.76424e-07
0.894324     1.36303e-05     2.03318e-07
1.1156     2.08502e-05     2.20061e-07
1.36386     2.97952e-05     2.75632e-07
1.68317     4.10923e-05     3.20873e-07
2.19499     6.09461e-05     6.95972e-07
2.71479     7.38874e-05     1.24116e-06
3.21693     6.47169e-05     1.48015e-06
3.71972     4.38758e-05     1.34921e-06
4.39772     3.00927e-05     1.25335e-06
5.41913     7.17466e-06     8.2072e-07
6.43412     3.27331e-06     5.48114e-07
7.44634     1.26535e-06     3.86798e-07
