0.350692     3.19681e-07     8.69559e-08
0.449596     3.75633e-07     8.66504e-08
0.549107     6.87076e-07     8.91827e-08
0.695109     1.05293e-06     7.23769e-08
0.894324     2.01549e-06     8.16891e-08
1.1156     3.04951e-06     8.74152e-08
1.36386     4.8029e-06     1.08132e-07
1.68317     6.3981e-06     1.23531e-07
2.19499     9.87611e-06     2.68461e-07
2.71479     1.20826e-05     4.79547e-07
3.21693     1.12329e-05     5.78183e-07
3.71972     7.38318e-06     5.31543e-07
4.39772     4.74642e-06     4.94035e-07
5.41913     8.42089e-07     3.23905e-07
6.43412     2.85424e-07     2.14996e-07
7.44634     1.71276e-07     1.52595e-07
