0.350625     5.36419e-08     8.98574e-08
0.449533     4.12284e-07     8.98551e-08
0.54905     7.00812e-07     9.3159e-08
0.694915     1.26984e-06     7.46934e-08
0.894169     2.2792e-06     8.59081e-08
1.11541     3.55458e-06     9.25617e-08
1.36369     5.1012e-06     1.16653e-07
1.68329     7.13137e-06     1.35768e-07
2.19489     1.08251e-05     3.06152e-07
2.71531     1.17306e-05     4.78763e-07
3.21772     9.30973e-06     4.90055e-07
3.72052     6.11458e-06     4.15305e-07
4.40127     3.75296e-06     3.827e-07
5.42071     1.49732e-06     2.44467e-07
6.43594     1.6859e-07     1.63383e-07
7.4461     3.63939e-08     1.15075e-07
