0.350547     9.35247e-09     7.86607e-09
0.449614     1.84407e-08     7.93871e-09
0.549151     1.26125e-08     8.10433e-09
0.695368     1.85338e-08     6.92664e-09
0.894771     4.81138e-08     7.39257e-09
1.11579     7.7626e-08     7.6902e-09
1.36405     9.73672e-08     9.00104e-09
1.67978     1.55551e-07     9.76146e-09
2.19906     2.71986e-07     2.00891e-08
2.71267     3.56407e-07     3.47029e-08
3.21358     4.50894e-07     5.83103e-08
3.71612     4.12516e-07     8.12435e-08
4.38521     3.40231e-07     8.40547e-08
5.41193     3.92484e-08     6.51348e-08
6.43287     -1.91266e-08     4.42696e-08
7.44529     -3.43664e-09     3.15986e-08
