0.350719     1.44745e-07     6.63141e-08
0.449625     2.92346e-07     6.6038e-08
0.549137     4.97612e-07     6.79263e-08
0.69521     8.39571e-07     5.51868e-08
0.894402     1.61765e-06     6.19629e-08
1.1157     2.58131e-06     6.57381e-08
1.36396     3.72324e-06     8.06073e-08
1.68299     5.15605e-06     9.1415e-08
2.19518     8.34294e-06     1.95317e-07
2.71446     1.01041e-05     3.56705e-07
3.21635     9.4527e-06     4.73202e-07
3.71923     7.49469e-06     4.64178e-07
4.39612     5.02524e-06     4.36056e-07
5.41761     1.48979e-06     2.9246e-07
6.43535     4.41954e-07     1.94682e-07
7.44504     1.76973e-07     1.37888e-07
