0.35051     2.08335e-07     1.59592e-07
0.449425     1.32238e-07     1.604e-07
0.548952     7.0752e-07     1.67863e-07
0.694588     1.08102e-06     1.33898e-07
0.893906     1.64692e-06     1.57017e-07
1.11509     3.16475e-06     1.72593e-07
1.36341     3.97574e-06     2.2226e-07
1.68326     5.487e-06     2.64345e-07
2.19504     7.5089e-06     5.8273e-07
2.71611     6.95392e-06     6.74092e-07
3.21877     3.36398e-06     5.84934e-07
3.72162     2.47289e-06     4.59707e-07
4.40459     2.09552e-06     4.22985e-07
5.42279     1.7477e-07     2.64924e-07
6.43561     2.42141e-07     1.77676e-07
7.44238     -3.46343e-08     1.25466e-07
