0.350728     2.72351e-07     4.94864e-08
0.449649     2.92389e-07     4.93847e-08
0.54916     4.77346e-07     5.04022e-08
0.695286     6.79695e-07     4.1499e-08
0.894478     1.19871e-06     4.59411e-08
1.11577     1.89364e-06     4.86259e-08
1.36403     2.57062e-06     5.89807e-08
1.68268     3.64975e-06     6.63927e-08
2.1955     5.68169e-06     1.39705e-07
2.71418     7.38325e-06     2.55133e-07
3.21581     8.31348e-06     3.70193e-07
3.7185     5.91959e-06     3.88539e-07
4.39407     4.77929e-06     3.70185e-07
5.41676     1.35245e-06     2.53324e-07
6.43445     4.4946e-07     1.70336e-07
7.44592     2.24483e-07     1.20907e-07
