0.350636     1.65768e-08     1.51921e-08
0.449644     2.63821e-08     1.52712e-08
0.54917     4.42812e-08     1.55401e-08
0.695371     8.4103e-08     1.31845e-08
0.894639     1.38255e-07     1.42046e-08
1.11582     2.3729e-07     1.48267e-08
1.36409     3.45679e-07     1.74742e-08
1.68067     4.94903e-07     1.91715e-08
2.19784     7.75843e-07     3.95936e-08
2.71313     1.19274e-06     6.92101e-08
3.21423     1.54419e-06     1.14549e-07
3.71678     1.26972e-06     1.50182e-07
4.38766     1.02376e-06     1.51379e-07
5.41258     4.96143e-07     1.13842e-07
6.43306     1.52325e-07     7.75029e-08
7.44671     8.5263e-08     5.5787e-08
