0.350722     1.40442e-07     3.55679e-08
0.449658     1.34945e-07     3.55214e-08
0.54917     2.32215e-07     3.63545e-08
0.695339     3.97371e-07     3.01112e-08
0.894529     7.14343e-07     3.30154e-08
1.11582     1.12481e-06     3.47711e-08
1.36408     1.57239e-06     4.18558e-08
1.68218     2.26147e-06     4.66049e-08
2.19604     3.65427e-06     9.76795e-08
2.7138     4.94245e-06     1.7538e-07
3.21522     5.23513e-06     2.71944e-07
3.71796     4.74357e-06     3.07108e-07
4.39178     3.82467e-06     2.98526e-07
5.41527     8.84522e-07     2.10219e-07
6.43401     6.95262e-08     1.42633e-07
7.44591     -8.09277e-08     1.01275e-07
