0.350408     1.14617e-09     3.01494e-09
0.44956     -1.48215e-09     3.07755e-09
0.549119     2.52153e-09     3.1351e-09
0.695384     -2.31161e-09     2.71908e-09
0.895092     6.60075e-09     2.875e-09
1.11571     9.88144e-09     2.96802e-09
1.36397     9.1378e-09     3.43295e-09
1.67904     9.98238e-09     3.68658e-09
2.20028     2.19467e-08     7.55516e-09
2.71222     4.10269e-08     1.29327e-08
3.2129     1.00625e-07     2.18507e-08
3.71535     6.77889e-08     3.21024e-08
4.38235     4.71241e-08     3.43239e-08
5.41059     6.27166e-09     2.73096e-08
6.43231     -5.2335e-09     1.86231e-08
7.44663     1.26599e-08     1.33576e-08
