0.350693     4.61947e-08     2.41905e-08
0.449657     1.0064e-07     2.42451e-08
0.549176     1.32323e-07     2.47376e-08
0.695367     2.39253e-07     2.07075e-08
0.894573     3.69808e-07     2.25273e-08
1.11583     5.78455e-07     2.36008e-08
1.3641     8.7502e-07     2.80725e-08
1.68151     1.26081e-06     3.09953e-08
2.19687     2.02276e-06     6.45176e-08
2.71347     2.85021e-06     1.1433e-07
3.21476     2.87e-06     1.85051e-07
3.71744     2.59867e-06     2.24844e-07
4.38969     2.16262e-06     2.22757e-07
5.41401     8.07748e-07     1.61607e-07
6.43332     2.17703e-07     1.09737e-07
7.44579     2.02329e-07     7.7963e-08
