0.350719     -3.89909e-07     1.24546e-07
0.449625     -5.06482e-07     1.24e-07
0.549137     -2.61536e-07     1.27416e-07
0.69521     -8.41335e-08     1.03983e-07
0.894402     5.55997e-07     1.16034e-07
1.1157     1.17965e-06     1.23698e-07
1.36396     2.00644e-06     1.5169e-07
1.68299     2.86582e-06     1.72719e-07
2.19518     4.59397e-06     3.71947e-07
2.71446     6.55275e-06     6.83537e-07
3.21635     6.40765e-06     8.9688e-07
3.71923     4.7007e-06     8.66977e-07
4.39612     2.8776e-06     8.12438e-07
5.41761     7.289e-07     5.42964e-07
6.43535     -5.09182e-07     3.64559e-07
7.44504     4.57596e-07     2.58398e-07
