0.350547     -2.05935e-08     3.87868e-08
0.449614     7.25399e-09     3.92753e-08
0.549151     1.07197e-07     3.99197e-08
0.695368     2.39765e-07     3.43056e-08
0.894771     4.57297e-07     3.6721e-08
1.11579     7.70168e-07     3.80419e-08
1.36405     1.15343e-06     4.45234e-08
1.67978     1.77666e-06     4.83454e-08
2.19906     2.98696e-06     9.98811e-08
2.71267     4.25954e-06     1.72877e-07
3.21358     5.12829e-06     2.90901e-07
3.71612     5.24281e-06     4.04335e-07
4.38521     4.15957e-06     4.1841e-07
5.41193     2.09377e-06     3.22206e-07
6.43287     6.80748e-07     2.19864e-07
7.44529     1.73587e-07     1.58134e-07
