0.350692     -4.62756e-07     1.62584e-07
0.449596     -5.38844e-07     1.61879e-07
0.549107     -1.18973e-07     1.66944e-07
0.695109     -1.80815e-07     1.35326e-07
0.894324     1.85098e-07     1.52748e-07
1.1156     9.37872e-07     1.63652e-07
1.36386     1.78012e-06     2.02418e-07
1.68317     2.91433e-06     2.33353e-07
2.19499     4.01158e-06     5.10642e-07
2.71479     6.53453e-06     9.13067e-07
3.21693     8.34908e-06     1.08354e-06
3.71972     3.93265e-06     9.85311e-07
4.39772     9.04769e-07     9.13509e-07
5.41913     -1.43916e-07     5.99072e-07
6.43412     -2.99253e-07     4.01148e-07
7.44634     4.16411e-08     2.83684e-07
