0.350722     -1.59406e-07     7.71286e-08
0.449658     1.13262e-07     7.6994e-08
0.54917     1.16769e-07     7.87775e-08
0.695339     4.20758e-07     6.53347e-08
0.894529     6.66605e-07     7.15739e-08
1.11582     1.27757e-06     7.55441e-08
1.36408     2.05989e-06     9.09516e-08
1.68218     2.97341e-06     1.01728e-07
2.19604     4.83033e-06     2.13769e-07
2.7138     7.36352e-06     3.87737e-07
3.21522     7.48986e-06     5.98134e-07
3.71796     5.83747e-06     6.67504e-07
4.39178     5.43882e-06     6.44971e-07
5.41527     1.74456e-06     4.52803e-07
6.43401     1.01812e-07     3.05421e-07
7.44591     -3.21915e-07     2.17496e-07
