0.350728     -1.80003e-07     9.70772e-08
0.449649     -6.43741e-08     9.70525e-08
0.54916     1.02106e-07     9.90956e-08
0.695286     2.15253e-07     8.15179e-08
0.894478     8.18346e-07     9.0488e-08
1.11577     1.10214e-06     9.57943e-08
1.36403     1.96386e-06     1.16356e-07
1.68268     3.18091e-06     1.31272e-07
2.1955     4.95353e-06     2.79001e-07
2.71418     6.17041e-06     5.1195e-07
3.21581     7.73412e-06     7.35754e-07
3.7185     8.14249e-06     7.63663e-07
4.39407     3.37349e-06     7.24151e-07
5.41676     9.03545e-07     4.93e-07
6.43445     -8.40313e-08     3.34606e-07
7.44592     4.89342e-08     2.37372e-07
