0.350408     -1.87624e-08     2.82987e-08
0.44956     2.36992e-08     2.88331e-08
0.549119     1.91565e-08     2.94726e-08
0.695384     9.48554e-08     2.56048e-08
0.895092     2.44916e-07     2.71133e-08
1.11571     4.64176e-07     2.78787e-08
1.36397     6.85727e-07     3.22554e-08
1.67904     1.05167e-06     3.47194e-08
2.20028     1.85642e-06     7.12113e-08
2.71222     2.47238e-06     1.22047e-07
3.2129     3.35528e-06     2.05916e-07
3.71535     3.05189e-06     3.05585e-07
4.38235     3.26856e-06     3.24189e-07
5.41059     8.52131e-07     2.58389e-07
6.43231     1.87835e-07     1.77631e-07
7.44663     1.76686e-07     1.26814e-07
