0.350625     -9.06594e-07     1.80604e-07
0.449533     -7.41477e-07     1.80678e-07
0.54905     -7.21678e-07     1.8732e-07
0.694915     -3.81573e-07     1.50446e-07
0.894169     -1.5541e-07     1.72864e-07
1.11541     6.18636e-07     1.87428e-07
1.36369     4.43947e-07     2.36277e-07
1.68329     2.1168e-06     2.76111e-07
2.19489     3.84499e-06     6.29251e-07
2.71531     3.71419e-06     9.6988e-07
3.21772     2.1614e-06     9.79398e-07
3.72052     1.00766e-06     8.20617e-07
4.40127     2.12144e-06     7.55774e-07
5.42071     6.88232e-07     4.83999e-07
6.43594     -3.00409e-08     3.239e-07
7.4461     -1.97183e-07     2.28689e-07
