0.350636     5.97859e-08     5.01845e-08
0.449644     3.41952e-08     5.04532e-08
0.54917     2.65595e-07     5.1392e-08
0.695371     3.16587e-07     4.3612e-08
0.894639     6.45263e-07     4.69091e-08
1.11582     1.12967e-06     4.90472e-08
1.36409     1.59305e-06     5.78184e-08
1.68067     2.19594e-06     6.35813e-08
2.19784     4.06783e-06     1.31923e-07
2.71313     5.40518e-06     2.31659e-07
3.21423     6.8447e-06     3.84866e-07
3.71678     5.99751e-06     4.99358e-07
4.38766     5.27069e-06     5.03512e-07
5.41258     2.34776e-06     3.75811e-07
6.43306     6.95154e-07     2.55448e-07
7.44671     1.60361e-07     1.83108e-07
