0.350693     -1.56598e-08     6.19739e-08
0.449657     -4.67292e-08     6.20103e-08
0.549176     1.1705e-07     6.33249e-08
0.695367     3.81848e-07     5.30972e-08
0.894573     8.15945e-07     5.76443e-08
1.11583     1.23157e-06     6.05192e-08
1.3641     1.95195e-06     7.21801e-08
1.68151     2.74042e-06     7.98794e-08
2.19687     4.62686e-06     1.67263e-07
2.71347     5.98292e-06     2.97545e-07
3.21476     7.47552e-06     4.81532e-07
3.71744     7.71197e-06     5.81611e-07
4.38969     5.88805e-06     5.72021e-07
5.41401     1.50785e-06     4.14236e-07
6.43332     5.59979e-07     2.80167e-07
7.44579     2.51822e-07     1.98738e-07
