0.35051     -1.83541e-06     3.80881e-07
0.449425     -1.47172e-06     3.831e-07
0.548952     -1.07987e-06     4.01317e-07
0.694588     -1.20123e-06     3.20103e-07
0.893906     -1.70525e-06     3.76479e-07
1.11509     -1.05305e-06     4.13241e-07
1.36341     -5.44354e-07     5.33394e-07
1.68326     9.63454e-07     6.39023e-07
2.19504     1.01926e-06     1.40572e-06
2.71611     5.56157e-07     1.59745e-06
3.21877     4.40367e-06     1.37166e-06
3.72162     3.60509e-08     1.07098e-06
4.40459     3.66799e-07     9.88415e-07
5.42279     8.76385e-07     6.21376e-07
6.43561     4.57114e-07     4.12659e-07
7.44238     2.81994e-07     2.9498e-07
