0.350693     -4.97485e-09     7.36842e-09
0.449657     5.54036e-09     7.36705e-09
0.549176     1.38451e-09     7.63592e-09
0.695367     1.56107e-08     6.15209e-09
0.894573     5.35574e-08     6.98359e-09
1.11583     9.39686e-08     7.44047e-09
1.3641     1.58906e-07     9.16769e-09
1.68151     2.47249e-07     1.04566e-08
2.19687     4.46669e-07     2.22975e-08
2.71347     7.18144e-07     3.96467e-08
3.21476     9.22844e-07     6.42323e-08
3.71744     8.46712e-07     7.81187e-08
4.38969     5.15074e-07     7.7219e-08
5.41401     1.75537e-07     5.60319e-08
6.43332     8.99519e-08     3.7943e-08
7.44579     2.536e-08     2.7005e-08
