0.350625     -2.97619e-08     3.16972e-08
0.449533     -4.16532e-09     3.17511e-08
0.54905     6.27144e-08     3.31463e-08
0.694915     1.06182e-07     2.61828e-08
0.894169     1.77062e-07     3.05597e-08
1.11541     2.17837e-07     3.3367e-08
1.36369     4.60455e-07     4.23584e-08
1.68329     6.58011e-07     4.99363e-08
2.19489     1.17624e-06     1.13738e-07
2.71531     1.04566e-06     1.76514e-07
3.21772     1.08022e-06     1.79964e-07
3.72052     7.90693e-07     1.51889e-07
4.40127     4.21412e-07     1.39865e-07
5.42071     1.14076e-07     8.97338e-08
6.43594     8.28496e-09     6.04022e-08
7.4461     -2.4289e-08     4.22719e-08
