0.350719     2.51199e-08     2.05668e-08
0.449625     -9.74203e-09     2.05683e-08
0.549137     7.8025e-08     2.12874e-08
0.69521     8.74318e-08     1.69453e-08
0.894402     1.55235e-07     1.94436e-08
1.1157     2.98706e-07     2.09768e-08
1.36396     4.89346e-07     2.61626e-08
1.68299     7.37701e-07     3.03401e-08
2.19518     1.24167e-06     6.56264e-08
2.71446     1.83031e-06     1.20399e-07
3.21635     1.65876e-06     1.5938e-07
3.71923     1.36979e-06     1.55795e-07
4.39612     9.2826e-07     1.46021e-07
5.41761     2.34374e-07     9.77545e-08
6.43535     8.18661e-08     6.53072e-08
7.44504     9.75256e-09     4.65117e-08
