0.350547     2.28264e-10     2.62682e-09
0.449614     2.18926e-09     2.66204e-09
0.549151     -1.84707e-09     2.75597e-09
0.695368     3.05098e-09     2.25277e-09
0.894771     8.18662e-09     2.52662e-09
1.11579     1.54324e-08     2.69216e-09
1.36405     3.24312e-08     3.27459e-09
1.67978     4.86281e-08     3.72566e-09
2.19906     8.43689e-08     7.91083e-09
2.71267     1.32733e-07     1.37484e-08
3.21358     1.70039e-07     2.31337e-08
3.71612     2.6453e-07     3.21489e-08
4.38521     1.66885e-07     3.3306e-08
5.41193     3.82305e-08     2.58712e-08
6.43287     -5.8319e-10     1.75947e-08
7.44529     2.34911e-08     1.26152e-08
