0.350636     1.76323e-09     4.76414e-09
0.449644     5.44728e-09     4.79e-09
0.54917     2.40861e-09     4.97353e-09
0.695371     1.11733e-08     4.02898e-09
0.894639     2.31145e-08     4.54504e-09
1.11582     5.09004e-08     4.84119e-09
1.36409     7.96176e-08     5.92881e-09
1.68067     1.37269e-07     6.75577e-09
2.19784     2.42781e-07     1.43602e-08
2.71313     3.3446e-07     2.51793e-08
3.21423     3.90841e-07     4.18886e-08
3.71678     4.70297e-07     5.47596e-08
4.38766     3.68385e-07     5.52432e-08
5.41258     1.64716e-07     4.14019e-08
6.43306     4.97478e-08     2.81597e-08
7.44671     3.31364e-09     2.018e-08
