0.350722     4.03944e-09     1.07201e-08
0.449658     1.02462e-08     1.0726e-08
0.54917     2.26953e-08     1.10974e-08
0.695339     3.36963e-08     8.88652e-09
0.894529     9.23962e-08     1.01159e-08
1.11582     1.64525e-07     1.08206e-08
1.36408     2.65453e-07     1.34006e-08
1.68218     4.11088e-07     1.53693e-08
2.19604     7.57895e-07     3.27934e-08
2.7138     1.09272e-06     5.92407e-08
3.21522     1.24247e-06     9.18897e-08
3.71796     1.05336e-06     1.03471e-07
4.39178     9.01602e-07     1.00261e-07
5.41527     2.19153e-07     7.0674e-08
6.43401     1.21861e-07     4.78713e-08
7.44591     -1.03102e-08     3.37948e-08
