0.350728     2.23047e-09     1.4992e-08
0.449649     2.15919e-08     1.4992e-08
0.54916     1.86865e-08     1.55298e-08
0.695286     5.47208e-08     1.23678e-08
0.894478     1.18781e-07     1.41321e-08
1.11577     2.18715e-07     1.52225e-08
1.36403     3.29168e-07     1.88879e-08
1.68268     5.71047e-07     2.17596e-08
2.1955     1.09473e-06     4.66646e-08
2.71418     1.37757e-06     8.54371e-08
3.21581     1.69298e-06     1.23661e-07
3.7185     1.23756e-06     1.29632e-07
4.39407     8.71302e-07     1.2329e-07
5.41676     2.98703e-07     8.41639e-08
6.43445     1.49826e-08     5.69383e-08
7.44592     3.91436e-08     4.02285e-08
