0.350408     -1.58547e-09     1.13633e-09
0.44956     -1.51431e-09     1.1548e-09
0.549119     -4.36492e-10     1.19963e-09
0.695384     1.86579e-10     9.9254e-10
0.895092     -2.04165e-10     1.10602e-09
1.11571     2.38411e-09     1.17491e-09
1.36397     2.52104e-09     1.4229e-09
1.67904     5.826e-09     1.6129e-09
2.20028     1.24068e-08     3.43401e-09
2.71222     2.30384e-08     5.9059e-09
3.2129     2.55185e-08     9.9683e-09
3.71535     3.02805e-08     1.46937e-08
4.38235     -1.22108e-08     1.5647e-08
5.41059     1.5978e-08     1.24904e-08
6.43231     -7.13367e-09     8.55497e-09
7.44663     -6.00437e-09     6.11313e-09
