0.35051     8.29808e-08     6.73933e-08
0.449425     -3.52237e-08     6.7431e-08
0.548952     5.76794e-08     7.11545e-08
0.694588     9.41862e-08     5.62748e-08
0.893906     -1.41161e-09     6.66584e-08
1.11509     6.64759e-08     7.3661e-08
1.36341     2.74567e-07     9.50084e-08
1.68326     2.66147e-08     1.14026e-07
2.19504     8.38982e-07     2.50983e-07
2.71611     6.57921e-07     2.88023e-07
3.21877     6.08888e-07     2.47598e-07
3.72162     2.05603e-07     1.95206e-07
4.40459     2.37651e-07     1.80586e-07
5.42279     4.10109e-08     1.13751e-07
6.43561     9.46559e-08     7.668e-08
7.44238     -3.24946e-08     5.60801e-08
