0.350692     7.30903e-09     2.79727e-08
0.449596     -2.72051e-08     2.79229e-08
0.549107     2.09644e-08     2.89748e-08
0.695109     8.68591e-08     2.29272e-08
0.894324     2.2324e-07     2.65372e-08
1.1156     2.89745e-07     2.86997e-08
1.36386     4.59107e-07     3.59611e-08
1.68317     7.36497e-07     4.19434e-08
2.19499     1.26489e-06     9.22752e-08
2.71479     2.12581e-06     1.65055e-07
3.21693     1.81042e-06     1.98027e-07
3.71972     9.24971e-07     1.81484e-07
4.39772     1.02767e-06     1.68602e-07
5.41913     2.18631e-07     1.10595e-07
6.43412     1.28306e-07     7.3687e-08
7.44634     4.17053e-09     5.19826e-08
